id	group	groupServer	isIfGroup	groupLv	priority	firstType	secondType	name	des	missionId	point	rewardShow	dropId	index	
1010101	10101	10101	0	1	1010101	1	101	账号升级·壹	指挥等级升到10级	1010101	10	21010101	21010101	1
1010102	10101	10101	0	2	1010102	1	101	账号升级·贰	指挥等级升到20级	1010102	10	21010102	21010102	2
1010103	10101	10101	0	3	1010103	1	101	账号升级·叁	指挥等级升到30级	1010103	10	21010103	21010103	3
1010104	10101	10101	0	4	1010104	1	101	账号升级·肆	指挥等级升到40级	1010104	10	21010104	21010104	4
1010105	10101	10101	0	5	1010105	1	101	账号升级·伍	指挥等级升到50级	1010105	10	21010105	21010105	5
1010106	10101	10101	0	6	1010106	1	101	账号升级·陆	指挥等级升到60级	1010106	10	21010106	21010106	6
1010107	10101	10101	0	7	1010107	1	101	账号升级·柒	指挥等级升到70级	1010107	10	21010107	21010107	7
1010108	10101	10101	0	8	1010108	1	101	账号升级·捌	指挥等级升到80级	1010108	10	21010108	21010108	8
1010201	10102	10102	0	1	1010201	1	101	登录·壹	首次登录游戏	1010201	10	21010201	21010201	9
1010202	10102	10102	0	2	1010202	1	101	登录·贰	累计登录3天	1010202	10	21010202	21010202	10
1010203	10102	10102	0	3	1010203	1	101	登录·叁	累计登录4天	1010203	10	21010203	21010203	11
1010204	10102	10102	0	4	1010204	1	101	登录·肆	累计登录5天	1010204	10	21010204	21010204	12
1010205	10102	10102	0	5	1010205	1	101	登录·伍	累计登录6天	1010205	10	21010205	21010205	13
1010206	10102	10102	0	6	1010206	1	101	登录·陆	累计登录7天	1010206	10	21010206	21010206	14
1010207	10102	10102	0	7	1010207	1	101	登录·柒	累计登录8天	1010207	10	21010207	21010207	15
1010208	10102	10102	0	8	1010208	1	101	登录·捌	累计登录10天	1010208	10	21010208	21010208	16
1010209	10102	10102	0	9	1010209	1	101	登录·玖	累计登录12天	1010209	10	21010209	21010209	17
1010210	10102	10102	0	10	1010210	1	101	登录·拾	累计登录14天	1010210	10	21010210	21010210	18
1010211	10102	10102	0	11	1010211	1	101	登录·拾壹	累计登录21天	1010211	10	21010211	21010211	19
1010212	10102	10102	0	12	1010212	1	101	登录·拾贰	累计登录28天	1010212	10	21010212	21010212	20
1010301	10103	10103	0	1	1010301	1	101	成就积分·壹	首次得到成就积分	1010301	10	21010301	21010301	21
1010302	10103	10103	0	2	1010302	1	101	成就积分·贰	累计得到成就积分300	1010302	10	21010302	21010302	22
1010303	10103	10103	0	3	1010303	1	101	成就积分·叁	累计得到成就积分1000	1010303	10	21010303	21010303	23
1010304	10103	10103	0	4	1010304	1	101	成就积分·肆	累计得到成就积分2000	1010304	10	21010304	21010304	24
1020101	10201	10201	0	1	1020101	1	102	攒钱钞票·壹	累计获得50万钞票	1020101	10	21020101	21020101	25
1020102	10201	10201	0	2	1020102	1	102	攒钱钞票·贰	累计获得500万钞票	1020102	10	21020102	21020102	26
1020103	10201	10201	0	3	1020103	1	102	攒钱钞票·叁	累计获得2000万钞票	1020103	10	21020103	21020103	27
1020301	10203	10203	0	1	1020301	1	102	消费钞票·壹	累计消耗350万钞票	1020301	10	21020301	21020301	28
1020302	10203	10203	0	2	1020302	1	102	消费钞票·贰	累计消耗1000万钞票	1020302	10	21020302	21020302	29
1020303	10203	10203	0	3	1020303	1	102	消费钞票·叁	累计消耗3000万钞票	1020303	10	21020303	21020303	30
1020401	10204	10204	0	1	1020401	1	102	消费角色经验·壹	累计消耗60万经验	1020401	10	21020401	21020401	31
1020402	10204	10204	0	2	1020402	1	102	消费角色经验·贰	累计消耗150万经验	1020402	10	21020402	21020402	32
1020403	10204	10204	0	3	1020403	1	102	消费角色经验·叁	累计消耗400万经验	1020403	10	21020403	21020403	33
1030101	10301	10301	0	1	1030101	1	103	超市购买·壹	普通商店购买过50次	1030101	10	21030101	21030101	34
1030102	10301	10301	0	2	1030102	1	103	超市购买·贰	普通商店购买过200次	1030102	10	21030102	21030102	35
1030103	10301	10301	0	3	1030103	1	103	超市购买·叁	普通商店购买过500次	1030103	10	21030103	21030103	36
2010101	20101	20143	1	1	2010101	2	201	主线·壹	通过主线第一章	2010101	10	22010101	22010101	37
2010102	20101	20144	1	2	2010102	2	201	主线·贰	通过主线第三章	2010102	10	22010102	22010102	38
2010103	20101	20145	1	3	2010103	2	201	主线·叁	通过主线第五章	2010103	10	22010103	22010103	39
2010104	20101	20146	1	4	2010104	2	201	主线·肆	通过主线第七章	2010104	10	22010104	22010104	40
2010105	20101	20147	1	5	2010105	2	201	主线·伍	通过主线第十章	2010105	10	22010105	22010105	41
2010106	20101	20148	1	6	2010106	2	201	主线·陆	通过主线第十二章	2010106	10	22010106	22010106	42
2010107	20101	20149	1	7	2010107	2	201	主线·柒	通过主线第十五章	2010107	10	22010107	22010107	43
2020101	20201	20250	1	1	2020101	2	202	全息调查·壹	通过全息调查第1章	2020101	10	22020101	22020101	44
2020102	20201	20251	1	2	2020102	2	202	全息调查·贰	通过全息调查第5章	2020102	10	22020102	22020102	45
2020103	20201	20252	1	3	2020103	2	202	全息调查·叁	通过全息调查第15章	2020103	10	22020103	22020103	46
2020104	20201	20253	1	4	2020104	2	202	全息调查·肆	通过全息调查第20章	2020104	10	22020104	22020104	47
2020105	20201	20254	1	5	2020105	2	202	全息调查·伍	通过全息调查第25章	2020105	10	22020105	22020105	48
2020106	20201	20255	1	6	2020106	2	202	全息调查·陆	通过全息调查第30章	2020106	10	22020106	22020106	49
2020201	20202	20257	1	1	2020201	2	202	完美全息调查·壹	完美通过全息调查第1章	2020201	10	22020201	22020201	50
2020202	20202	20258	1	2	2020202	2	202	完美全息调查·贰	完美通过全息调查第5章	2020202	10	22020202	22020202	51
2020203	20202	20259	1	3	2020203	2	202	完美全息调查·叁	完美通过全息调查第15章	2020203	10	22020203	22020203	52
2020204	20202	20260	1	4	2020204	2	202	完美全息调查·肆	完美通过全息调查第20章	2020204	10	22020204	22020204	53
2020205	20202	20261	1	5	2020205	2	202	完美全息调查·伍	完美通过全息调查第25章	2020205	10	22020205	22020205	54
2020206	20202	20262	1	6	2020206	2	202	完美全息调查·陆	完美通过全息调查第30章	2020206	10	22020206	22020206	55
2030101	20301	20362	1	1	2030101	2	203	模拟训练·壹	通过模拟训练第1关	2030101	10	22030101	22030101	56
2030102	20301	20363	1	2	2030102	2	203	模拟训练·贰	通过模拟训练第5关	2030102	10	22030102	22030102	57
2030103	20301	20364	1	3	2030103	2	203	模拟训练·叁	通过模拟训练第10关	2030103	10	22030103	22030103	58
2030104	20301	20365	1	4	2030104	2	203	模拟训练·肆	通过模拟训练第15关	2030104	10	22030104	22030104	59
2030105	20301	20366	1	5	2030105	2	203	模拟训练·伍	通过模拟训练第20关	2030105	10	22030105	22030105	60
2030201	20302	20368	1	1	2030201	2	203	完美模拟·壹	模拟训练第1关获得SSS评价	2030201	10	22030201	22030201	61
2030202	20302	20369	1	2	2030202	2	203	完美模拟·贰	模拟训练第2关获得SSS评价	2030202	10	22030202	22030202	62
2030203	20302	20370	1	3	2030203	2	203	完美模拟·叁	模拟训练第3关获得SSS评价	2030203	10	22030203	22030203	63
2030204	20302	20371	1	4	2030204	2	203	完美模拟·肆	模拟训练第4关获得SSS评价	2030204	10	22030204	22030204	64
2030205	20302	20372	1	5	2030205	2	203	完美模拟·伍	模拟训练第5关获得SSS评价	2030205	10	22030205	22030205	65
2030206	20302	20373	1	6	2030206	2	203	完美模拟·陆	模拟训练第6关获得SSS评价	2030206	10	22030206	22030206	66
2030207	20302	20374	1	7	2030207	2	203	完美模拟·柒	模拟训练第7关获得SSS评价	2030207	10	22030207	22030207	67
2030208	20302	20375	1	8	2030208	2	203	完美模拟·捌	模拟训练第8关获得SSS评价	2030208	10	22030208	22030208	68
2030209	20302	20376	1	9	2030209	2	203	完美模拟·玖	模拟训练第9关获得SSS评价	2030209	10	22030209	22030209	69
2030210	20302	20377	1	10	2030210	2	203	完美模拟·拾	模拟训练第10关获得SSS评价	2030210	10	22030210	22030210	70
2030211	20302	20378	1	11	2030211	2	203	完美模拟·壹拾壹	模拟训练第11关获得SSS评价	2030211	10	22030211	22030211	71
2030212	20302	20379	1	12	2030212	2	203	完美模拟·壹拾贰	模拟训练第12关获得SSS评价	2030212	10	22030212	22030212	72
2030213	20302	20380	1	13	2030213	2	203	完美模拟·壹拾叁	模拟训练第13关获得SSS评价	2030213	10	22030213	22030213	73
2030214	20302	20381	1	14	2030214	2	203	完美模拟·壹拾肆	模拟训练第14关获得SSS评价	2030214	10	22030214	22030214	74
2030215	20302	20382	1	15	2030215	2	203	完美模拟·壹拾伍	模拟训练第15关获得SSS评价	2030215	10	22030215	22030215	75
2030216	20302	20383	1	16	2030216	2	203	完美模拟·壹拾陆	模拟训练第16关获得SSS评价	2030216	10	22030216	22030216	76
2030217	20302	20384	1	17	2030217	2	203	完美模拟·壹拾柒	模拟训练第17关获得SSS评价	2030217	10	22030217	22030217	77
2030218	20302	20385	1	18	2030218	2	203	完美模拟·壹拾捌	模拟训练第18关获得SSS评价	2030218	10	22030218	22030218	78
2030219	20302	20386	1	19	2030219	2	203	完美模拟·壹拾玖	模拟训练第19关获得SSS评价	2030219	10	22030219	22030219	79
2030220	20302	20387	1	20	2030220	2	203	完美模拟·贰拾	模拟训练第20关获得SSS评价	2030220	10	22030220	22030220	80
2040101	20401	20487	1	1	2040101	2	204	怪人研究所（力量）·壹	通过怪人研究所（力量）第1关	2040101	10	22040101	22040101	81
2040102	20401	20488	1	2	2040102	2	204	怪人研究所（力量）·贰	通过怪人研究所（力量）第5关	2040102	10	22040102	22040102	82
2040103	20401	20489	1	3	2040103	2	204	怪人研究所（力量）·叁	通过怪人研究所（力量）第10关	2040103	10	22040103	22040103	83
2040201	20402	20491	1	1	2040201	2	204	怪人研究所（运势）·壹	通过怪人研究所（运势）第1关	2040201	10	22040201	22040201	84
2040202	20402	20492	1	2	2040202	2	204	怪人研究所（运势）·贰	通过怪人研究所（运势）第5关	2040202	10	22040202	22040202	85
2040203	20402	20493	1	3	2040203	2	204	怪人研究所（运势）·叁	通过怪人研究所（运势）第10关	2040203	10	22040203	22040203	86
2040301	20403	20495	1	1	2040301	2	204	怪人研究所（智慧）·壹	通过怪人研究所（智慧）第1关	2040301	10	22040301	22040301	87
2040302	20403	20496	1	2	2040302	2	204	怪人研究所（智慧）·贰	通过怪人研究所（智慧）第5关	2040302	10	22040302	22040302	88
2040303	20403	20497	1	3	2040303	2	204	怪人研究所（智慧）·叁	通过怪人研究所（智慧）第10关	2040303	10	22040303	22040303	89
2040401	20404	20499	1	1	2040401	2	204	完美研究所（力量）·壹	怪人研究所（力量）第1关获得SSS评价	2040401	10	22040401	22040401	90
2040402	20404	20500	1	2	2040402	2	204	完美研究所（力量）·贰	怪人研究所（力量）第2关获得SSS评价	2040402	10	22040402	22040402	91
2040403	20404	20501	1	3	2040403	2	204	完美研究所（力量）·叁	怪人研究所（力量）第3关获得SSS评价	2040403	10	22040403	22040403	92
2040404	20404	20502	1	4	2040404	2	204	完美研究所（力量）·肆	怪人研究所（力量）第4关获得SSS评价	2040404	10	22040404	22040404	93
2040405	20404	20503	1	5	2040405	2	204	完美研究所（力量）·伍	怪人研究所（力量）第5关获得SSS评价	2040405	10	22040405	22040405	94
2040406	20404	20504	1	6	2040406	2	204	完美研究所（力量）·陆	怪人研究所（力量）第6关获得SSS评价	2040406	10	22040406	22040406	95
2040407	20404	20505	1	7	2040407	2	204	完美研究所（力量）·柒	怪人研究所（力量）第7关获得SSS评价	2040407	10	22040407	22040407	96
2040408	20404	20506	1	8	2040408	2	204	完美研究所（力量）·捌	怪人研究所（力量）第8关获得SSS评价	2040408	10	22040408	22040408	97
2040409	20404	20507	1	9	2040409	2	204	完美研究所（力量）·玖	怪人研究所（力量）第9关获得SSS评价	2040409	10	22040409	22040409	98
2040410	20404	20508	1	10	2040410	2	204	完美研究所（力量）·拾	怪人研究所（力量）第10关获得SSS评价	2040410	10	22040410	22040410	99
2040501	20405	20510	1	1	2040501	2	204	完美研究所（运势）·壹	怪人研究所（运势）第1关获得SSS评价	2040501	10	22040501	22040501	100
2040502	20405	20511	1	2	2040502	2	204	完美研究所（运势）·贰	怪人研究所（运势）第2关获得SSS评价	2040502	10	22040502	22040502	101
2040503	20405	20512	1	3	2040503	2	204	完美研究所（运势）·叁	怪人研究所（运势）第3关获得SSS评价	2040503	10	22040503	22040503	102
2040504	20405	20513	1	4	2040504	2	204	完美研究所（运势）·肆	怪人研究所（运势）第4关获得SSS评价	2040504	10	22040504	22040504	103
2040505	20405	20514	1	5	2040505	2	204	完美研究所（运势）·伍	怪人研究所（运势）第5关获得SSS评价	2040505	10	22040505	22040505	104
2040506	20405	20515	1	6	2040506	2	204	完美研究所（运势）·陆	怪人研究所（运势）第6关获得SSS评价	2040506	10	22040506	22040506	105
2040507	20405	20516	1	7	2040507	2	204	完美研究所（运势）·柒	怪人研究所（运势）第7关获得SSS评价	2040507	10	22040507	22040507	106
2040508	20405	20517	1	8	2040508	2	204	完美研究所（运势）·捌	怪人研究所（运势）第8关获得SSS评价	2040508	10	22040508	22040508	107
2040509	20405	20518	1	9	2040509	2	204	完美研究所（运势）·玖	怪人研究所（运势）第9关获得SSS评价	2040509	10	22040509	22040509	108
2040510	20405	20519	1	10	2040510	2	204	完美研究所（运势）·拾	怪人研究所（运势）第10关获得SSS评价	2040510	10	22040510	22040510	109
2040601	20406	20521	1	1	2040601	2	204	完美研究所（智慧）·壹	怪人研究所（智慧）第1关获得SSS评价	2040601	10	22040601	22040601	110
2040602	20406	20522	1	2	2040602	2	204	完美研究所（智慧）·贰	怪人研究所（智慧）第2关获得SSS评价	2040602	10	22040602	22040602	111
2040603	20406	20523	1	3	2040603	2	204	完美研究所（智慧）·叁	怪人研究所（智慧）第3关获得SSS评价	2040603	10	22040603	22040603	112
2040604	20406	20524	1	4	2040604	2	204	完美研究所（智慧）·肆	怪人研究所（智慧）第4关获得SSS评价	2040604	10	22040604	22040604	113
2040605	20406	20525	1	5	2040605	2	204	完美研究所（智慧）·伍	怪人研究所（智慧）第5关获得SSS评价	2040605	10	22040605	22040605	114
2040606	20406	20526	1	6	2040606	2	204	完美研究所（智慧）·陆	怪人研究所（智慧）第6关获得SSS评价	2040606	10	22040606	22040606	115
2040607	20406	20527	1	7	2040607	2	204	完美研究所（智慧）·柒	怪人研究所（智慧）第7关获得SSS评价	2040607	10	22040607	22040607	116
2040608	20406	20528	1	8	2040608	2	204	完美研究所（智慧）·捌	怪人研究所（智慧）第8关获得SSS评价	2040608	10	22040608	22040608	117
2040609	20406	20529	1	9	2040609	2	204	完美研究所（智慧）·玖	怪人研究所（智慧）第9关获得SSS评价	2040609	10	22040609	22040609	118
2040610	20406	20530	1	10	2040610	2	204	完美研究所（智慧）·拾	怪人研究所（智慧）第10关获得SSS评价	2040610	10	22040610	22040610	119
2050101	20501	20626	1	1	2050101	2	205	角色试炼（攻击）·壹	通过角色试炼（攻击）第1关	2050101	10	22050101	22050101	120
2050102	20501	20627	1	2	2050102	2	205	角色试炼（攻击）·贰	通过角色试炼（攻击）第5关	2050102	10	22050102	22050102	121
2050103	20501	20628	1	3	2050103	2	205	角色试炼（攻击）·叁	通过角色试炼（攻击）第10关	2050103	10	22050103	22050103	122
2050104	20501	20629	1	4	2050104	2	205	角色试炼（攻击）·肆	通过角色试炼（攻击）第15关	2050104	10	22050104	22050104	123
2050105	20501	20630	1	5	2050105	2	205	角色试炼（攻击）·伍	通过角色试炼（攻击）第20关	2050105	10	22050105	22050105	124
2050201	20502	20632	1	1	2050201	2	205	角色试炼（防御）·壹	通过角色试炼（防御）第1关	2050201	10	22050201	22050201	125
2050202	20502	20633	1	2	2050202	2	205	角色试炼（防御）·贰	通过角色试炼（防御）第5关	2050202	10	22050202	22050202	126
2050203	20502	20634	1	3	2050203	2	205	角色试炼（防御）·叁	通过角色试炼（防御）第10关	2050203	10	22050203	22050203	127
2050204	20502	20635	1	4	2050204	2	205	角色试炼（防御）·肆	通过角色试炼（防御）第15关	2050204	10	22050204	22050204	128
2050205	20502	20636	1	5	2050205	2	205	角色试炼（防御）·伍	通过角色试炼（防御）第20关	2050205	10	22050205	22050205	129
2050301	20503	20638	1	1	2050301	2	205	角色试炼（辅助）·壹	通过角色试炼（辅助）第1关	2050301	10	22050301	22050301	130
2050302	20503	20639	1	2	2050302	2	205	角色试炼（辅助）·贰	通过角色试炼（辅助）第5关	2050302	10	22050302	22050302	131
2050303	20503	20640	1	3	2050303	2	205	角色试炼（辅助）·叁	通过角色试炼（辅助）第10关	2050303	10	22050303	22050303	132
2050304	20503	20641	1	4	2050304	2	205	角色试炼（辅助）·肆	通过角色试炼（辅助）第15关	2050304	10	22050304	22050304	133
2050305	20503	20642	1	5	2050305	2	205	角色试炼（辅助）·伍	通过角色试炼（辅助）第20关	2050305	10	22050305	22050305	134
2050401	20504	20644	1	1	2050401	2	205	完美试炼（攻击）·壹	角色试炼（攻击）第1关获得SSS评价	2050401	10	22050401	22050401	135
2050402	20504	20645	1	2	2050402	2	205	完美试炼（攻击）·贰	角色试炼（攻击）第2关获得SSS评价	2050402	10	22050402	22050402	136
2050403	20504	20646	1	3	2050403	2	205	完美试炼（攻击）·叁	角色试炼（攻击）第3关获得SSS评价	2050403	10	22050403	22050403	137
2050404	20504	20647	1	4	2050404	2	205	完美试炼（攻击）·肆	角色试炼（攻击）第4关获得SSS评价	2050404	10	22050404	22050404	138
2050405	20504	20648	1	5	2050405	2	205	完美试炼（攻击）·伍	角色试炼（攻击）第5关获得SSS评价	2050405	10	22050405	22050405	139
2050406	20504	20649	1	6	2050406	2	205	完美试炼（攻击）·陆	角色试炼（攻击）第6关获得SSS评价	2050406	10	22050406	22050406	140
2050407	20504	20650	1	7	2050407	2	205	完美试炼（攻击）·柒	角色试炼（攻击）第7关获得SSS评价	2050407	10	22050407	22050407	141
2050408	20504	20651	1	8	2050408	2	205	完美试炼（攻击）·捌	角色试炼（攻击）第8关获得SSS评价	2050408	10	22050408	22050408	142
2050409	20504	20652	1	9	2050409	2	205	完美试炼（攻击）·玖	角色试炼（攻击）第9关获得SSS评价	2050409	10	22050409	22050409	143
2050410	20504	20653	1	10	2050410	2	205	完美试炼（攻击）·拾	角色试炼（攻击）第10关获得SSS评价	2050410	10	22050410	22050410	144
2050411	20504	20654	1	11	2050411	2	205	完美试炼（攻击）·壹拾壹	角色试炼（攻击）第11关获得SSS评价	2050411	10	22050411	22050411	145
2050412	20504	20655	1	12	2050412	2	205	完美试炼（攻击）·壹拾贰	角色试炼（攻击）第12关获得SSS评价	2050412	10	22050412	22050412	146
2050413	20504	20656	1	13	2050413	2	205	完美试炼（攻击）·壹拾叁	角色试炼（攻击）第13关获得SSS评价	2050413	10	22050413	22050413	147
2050414	20504	20657	1	14	2050414	2	205	完美试炼（攻击）·壹拾肆	角色试炼（攻击）第14关获得SSS评价	2050414	10	22050414	22050414	148
2050415	20504	20658	1	15	2050415	2	205	完美试炼（攻击）·壹拾伍	角色试炼（攻击）第15关获得SSS评价	2050415	10	22050415	22050415	149
2050416	20504	20659	1	16	2050416	2	205	完美试炼（攻击）·壹拾陆	角色试炼（攻击）第16关获得SSS评价	2050416	10	22050416	22050416	150
2050417	20504	20660	1	17	2050417	2	205	完美试炼（攻击）·壹拾柒	角色试炼（攻击）第17关获得SSS评价	2050417	10	22050417	22050417	151
2050418	20504	20661	1	18	2050418	2	205	完美试炼（攻击）·壹拾捌	角色试炼（攻击）第18关获得SSS评价	2050418	10	22050418	22050418	152
2050419	20504	20662	1	19	2050419	2	205	完美试炼（攻击）·壹拾玖	角色试炼（攻击）第19关获得SSS评价	2050419	10	22050419	22050419	153
2050420	20504	20663	1	20	2050420	2	205	完美试炼（攻击）·贰拾	角色试炼（攻击）第20关获得SSS评价	2050420	10	22050420	22050420	154
2050501	20505	20665	1	1	2050501	2	205	完美试炼（防御）·壹	角色试炼（防御）第1关获得SSS评价	2050501	10	22050501	22050501	155
2050502	20505	20666	1	2	2050502	2	205	完美试炼（防御）·贰	角色试炼（防御）第2关获得SSS评价	2050502	10	22050502	22050502	156
2050503	20505	20667	1	3	2050503	2	205	完美试炼（防御）·叁	角色试炼（防御）第3关获得SSS评价	2050503	10	22050503	22050503	157
2050504	20505	20668	1	4	2050504	2	205	完美试炼（防御）·肆	角色试炼（防御）第4关获得SSS评价	2050504	10	22050504	22050504	158
2050505	20505	20669	1	5	2050505	2	205	完美试炼（防御）·伍	角色试炼（防御）第5关获得SSS评价	2050505	10	22050505	22050505	159
2050506	20505	20670	1	6	2050506	2	205	完美试炼（防御）·陆	角色试炼（防御）第6关获得SSS评价	2050506	10	22050506	22050506	160
2050507	20505	20671	1	7	2050507	2	205	完美试炼（防御）·柒	角色试炼（防御）第7关获得SSS评价	2050507	10	22050507	22050507	161
2050508	20505	20672	1	8	2050508	2	205	完美试炼（防御）·捌	角色试炼（防御）第8关获得SSS评价	2050508	10	22050508	22050508	162
2050509	20505	20673	1	9	2050509	2	205	完美试炼（防御）·玖	角色试炼（防御）第9关获得SSS评价	2050509	10	22050509	22050509	163
2050510	20505	20674	1	10	2050510	2	205	完美试炼（防御）·拾	角色试炼（防御）第10关获得SSS评价	2050510	10	22050510	22050510	164
2050511	20505	20675	1	11	2050511	2	205	完美试炼（防御）·壹拾壹	角色试炼（防御）第11关获得SSS评价	2050511	10	22050511	22050511	165
2050512	20505	20676	1	12	2050512	2	205	完美试炼（防御）·壹拾贰	角色试炼（防御）第12关获得SSS评价	2050512	10	22050512	22050512	166
2050513	20505	20677	1	13	2050513	2	205	完美试炼（防御）·壹拾叁	角色试炼（防御）第13关获得SSS评价	2050513	10	22050513	22050513	167
2050514	20505	20678	1	14	2050514	2	205	完美试炼（防御）·壹拾肆	角色试炼（防御）第14关获得SSS评价	2050514	10	22050514	22050514	168
2050515	20505	20679	1	15	2050515	2	205	完美试炼（防御）·壹拾伍	角色试炼（防御）第15关获得SSS评价	2050515	10	22050515	22050515	169
2050516	20505	20680	1	16	2050516	2	205	完美试炼（防御）·壹拾陆	角色试炼（防御）第16关获得SSS评价	2050516	10	22050516	22050516	170
2050517	20505	20681	1	17	2050517	2	205	完美试炼（防御）·壹拾柒	角色试炼（防御）第17关获得SSS评价	2050517	10	22050517	22050517	171
2050518	20505	20682	1	18	2050518	2	205	完美试炼（防御）·壹拾捌	角色试炼（防御）第18关获得SSS评价	2050518	10	22050518	22050518	172
2050519	20505	20683	1	19	2050519	2	205	完美试炼（防御）·壹拾玖	角色试炼（防御）第19关获得SSS评价	2050519	10	22050519	22050519	173
2050520	20505	20684	1	20	2050520	2	205	完美试炼（防御）·贰拾	角色试炼（防御）第20关获得SSS评价	2050520	10	22050520	22050520	174
2050601	20506	20686	1	1	2050601	2	205	完美试炼（辅助）·壹	角色试炼（辅助）第1关获得SSS评价	2050601	10	22050601	22050601	175
2050602	20506	20687	1	2	2050602	2	205	完美试炼（辅助）·贰	角色试炼（辅助）第2关获得SSS评价	2050602	10	22050602	22050602	176
2050603	20506	20688	1	3	2050603	2	205	完美试炼（辅助）·叁	角色试炼（辅助）第3关获得SSS评价	2050603	10	22050603	22050603	177
2050604	20506	20689	1	4	2050604	2	205	完美试炼（辅助）·肆	角色试炼（辅助）第4关获得SSS评价	2050604	10	22050604	22050604	178
2050605	20506	20690	1	5	2050605	2	205	完美试炼（辅助）·伍	角色试炼（辅助）第5关获得SSS评价	2050605	10	22050605	22050605	179
2050606	20506	20691	1	6	2050606	2	205	完美试炼（辅助）·陆	角色试炼（辅助）第6关获得SSS评价	2050606	10	22050606	22050606	180
2050607	20506	20692	1	7	2050607	2	205	完美试炼（辅助）·柒	角色试炼（辅助）第7关获得SSS评价	2050607	10	22050607	22050607	181
2050608	20506	20693	1	8	2050608	2	205	完美试炼（辅助）·捌	角色试炼（辅助）第8关获得SSS评价	2050608	10	22050608	22050608	182
2050609	20506	20694	1	9	2050609	2	205	完美试炼（辅助）·玖	角色试炼（辅助）第9关获得SSS评价	2050609	10	22050609	22050609	183
2050610	20506	20695	1	10	2050610	2	205	完美试炼（辅助）·拾	角色试炼（辅助）第10关获得SSS评价	2050610	10	22050610	22050610	184
2050611	20506	20696	1	11	2050611	2	205	完美试炼（辅助）·壹拾壹	角色试炼（辅助）第11关获得SSS评价	2050611	10	22050611	22050611	185
2050612	20506	20697	1	12	2050612	2	205	完美试炼（辅助）·壹拾贰	角色试炼（辅助）第12关获得SSS评价	2050612	10	22050612	22050612	186
2050613	20506	20698	1	13	2050613	2	205	完美试炼（辅助）·壹拾叁	角色试炼（辅助）第13关获得SSS评价	2050613	10	22050613	22050613	187
2050614	20506	20699	1	14	2050614	2	205	完美试炼（辅助）·壹拾肆	角色试炼（辅助）第14关获得SSS评价	2050614	10	22050614	22050614	188
2050615	20506	20700	1	15	2050615	2	205	完美试炼（辅助）·壹拾伍	角色试炼（辅助）第15关获得SSS评价	2050615	10	22050615	22050615	189
2050616	20506	20701	1	16	2050616	2	205	完美试炼（辅助）·壹拾陆	角色试炼（辅助）第16关获得SSS评价	2050616	10	22050616	22050616	190
2050617	20506	20702	1	17	2050617	2	205	完美试炼（辅助）·壹拾柒	角色试炼（辅助）第17关获得SSS评价	2050617	10	22050617	22050617	191
2050618	20506	20703	1	18	2050618	2	205	完美试炼（辅助）·壹拾捌	角色试炼（辅助）第18关获得SSS评价	2050618	10	22050618	22050618	192
2050619	20506	20704	1	19	2050619	2	205	完美试炼（辅助）·壹拾玖	角色试炼（辅助）第19关获得SSS评价	2050619	10	22050619	22050619	193
2050620	20506	20705	1	20	2050620	2	205	完美试炼（辅助）·贰拾	角色试炼（辅助）第20关获得SSS评价	2050620	10	22050620	22050620	194
2060101	20601	20601	0	1	2060101	2	206	协会测验·壹	进行1次协会测验	2060101	10	22060101	22060101	195
2060102	20601	20601	0	2	2060102	2	206	协会测验·贰	进行10次协会测验	2060102	10	22060102	22060102	196
2060103	20601	20601	0	3	2060103	2	206	协会测验·叁	进行100次协会测验	2060103	10	22060103	22060103	197
2070101	20701	20905	1	1	2070101	2	207	正义角逐·壹	通关正义角逐第5关	2070101	10	22070101	22070101	199
2070102	20701	20906	1	2	2070102	2	207	正义角逐·贰	通关正义角逐第20关	2070102	10	22070102	22070102	200
2070103	20701	20907	1	3	2070103	2	207	正义角逐·叁	通关正义角逐第30关	2070103	10	22070103	22070103	201
2070104	20701	20908	1	4	2070104	2	207	正义角逐·肆	通关正义角逐第40关	2070104	10	22070104	22070104	202
2070105	20701	20909	1	5	2070105	2	207	正义角逐·伍	通关正义角逐第50关	2070105	10	22070105	22070105	203
2070106	20701	20910	1	6	2070106	2	207	正义角逐·陆	通关正义角逐第60关	2070106	10	22070106	22070106	204
2070107	20701	20911	1	7	2070107	2	207	正义角逐·柒	通关正义角逐第70关	2070107	10	22070107	22070107	205
2070108	20701	20912	1	8	2070108	2	207	正义角逐·捌	通关正义角逐第80关	2070108	10	22070108	22070108	206
2070109	20701	20913	1	9	2070109	2	207	正义角逐·玖	通关正义角逐第90关	2070109	10	22070109	22070109	207
2070110	20701	20914	1	10	2070110	2	207	正义角逐·拾	通关正义角逐第100关	2070110	10	22070110	22070110	208
2070111	20701	20915	1	10	2070111	2	207	正义角逐·拾	通关正义角逐第55关	2070111	10	22070110	22070110	208
2070112	20701	20916	1	10	2070112	2	207	正义角逐·拾	通关正义角逐第75关	2070112	10	22070110	22070110	208
2070113	20701	20917	1	10	2070113	2	207	正义角逐·拾	通关正义角逐第95关	2070113	10	22070110	22070110	208
2070114	20701	20918	1	10	2070114	2	207	正义角逐·拾	通关正义角逐第125关	2070114	10	22070110	22070110	208
2070115	20701	20919	1	10	2070115	2	207	正义角逐·拾	通关正义角逐第150关	2070115	10	22070110	22070110	208
2070116	20701	20920	1	10	2070116	2	207	正义角逐·拾	通关正义角逐第160关	2070116	10	22070110	22070110	208
2070117	20701	20921	1	10	2070117	2	207	正义角逐·拾	通关正义角逐第170关	2070117	10	22070110	22070110	208
2070118	20701	20922	1	10	2070118	2	207	正义角逐·拾	通关正义角逐第180关	2070118	10	22070110	22070110	208
2070119	20701	20923	1	10	2070119	2	207	正义角逐·拾	通关正义角逐第190关	2070119	10	22070110	22070110	208
2070120	20701	20924	1	10	2070120	2	207	正义角逐·拾	通关正义角逐第200关	2070120	10	22070110	22070110	208
2080101	20801	20801	0	1	2080101	2	208	梦境全通关	通关强者之梦所有关卡	2080101	10	22080101	22080101	209
2080201	20802	20802	0	1	2080201	2	208	强者之梦浅层梦境·壹	浅层梦境挑战过3次	2080201	10	22080201	22080201	210
2080202	20802	20802	0	2	2080202	2	208	强者之梦浅层梦境·贰	浅层梦境挑战过25次	2080202	10	22080202	22080202	211
2080203	20802	20802	0	3	2080203	2	208	强者之梦浅层梦境·叁	浅层梦境挑战过50次	2080203	10	22080203	22080203	212
2080301	20803	20803	0	1	2080301	2	208	强者之梦中层梦境·壹	中层梦境挑战过3次	2080301	10	22080301	22080301	213
2080302	20803	20803	0	2	2080302	2	208	强者之梦中层梦境·贰	中层梦境挑战过25次	2080302	10	22080302	22080302	214
2080303	20803	20803	0	3	2080303	2	208	强者之梦中层梦境·叁	中层梦境挑战过50次	2080303	10	22080303	22080303	215
2080401	20804	20804	0	1	2080401	2	208	强者之梦深层梦境·壹	深层梦境挑战过3次	2080401	10	22080401	22080401	216
2080402	20804	20804	0	2	2080402	2	208	强者之梦深层梦境·贰	深层梦境挑战过25次	2080402	10	22080402	22080402	217
2080403	20804	20804	0	3	2080403	2	208	强者之梦深层梦境·叁	深层梦境挑战过50次	2080403	10	22080403	22080403	218
2080501	20805	20805	0	1	2080501	2	208	强者之梦暴走梦境·壹	暴走梦境挑战过3次	2080501	10	22080501	22080501	219
2080502	20805	20805	0	2	2080502	2	208	强者之梦暴走梦境·贰	暴走梦境挑战过25次	2080502	10	22080502	22080502	220
2080503	20805	20805	0	3	2080503	2	208	强者之梦暴走梦境·叁	暴走梦境挑战过50次	2080503	10	22080503	22080503	221
2090101	20901	21138	1	1	2090101	2	209	基础演练	完成全部基础演练	2090101	10	22090101	22090101	222
2090201	20902	21140	1	1	2090201	2	209	进阶教学	完成全部进阶教学	2090201	10	22090201	22090201	223
2090301	20903	21142	1	1	2090301	2	209	杰诺斯·武装教学	完成全部杰诺斯·武装教学	2090301	10	22090301	22090301	224
2090401	20904	21005	1	1	2090401	2	209	战栗的龙卷教学	完成全部战栗的龙卷教学	2090401	10	22090401	22090401	225
2090501	20905	21007	1	1	2090501	2	209	银色獠牙教学	完成全部银色獠牙教学	2090501	10	22090501	22090501	226
2090601	20906	21148	1	1	2090601	2	209	KING教学	完成全部KING教学	2090601	10	22090601	22090601	227
2090701	20907	21150	1	1	2090701	2	209	原子武士教学	完成全部原子武士教学	2090701	10	22090701	22090701	228
2090801	20908	21152	1	1	2090801	2	209	金属骑士教学	完成全部金属骑士教学	2090801	10	22090801	22090801	229
2090901	20909	21154	1	1	2090901	2	209	金属球棒教学	完成全部金属球棒教学	2090901	10	22090901	22090901	230
2091001	20910	21156	1	1	2091001	2	209	性感囚犯教学	完成全部性感囚犯教学	2091001	10	22091001	22091001	231
2091101	20911	21158	1	1	2091101	2	209	甜心假面教学	完成全部甜心假面教学	2091101	10	22091101	22091101	232
2091201	20912	21160	1	1	2091201	2	209	音速索尼克教学	完成全部音速索尼克教学	2091201	10	22091201	22091201	233
2100101	21001	21001	0	1	2100101	2	210	治安委派·壹	累计领取1440分钟挂机收益	2100101	10	22100101	22100101	235
2100102	21001	21001	0	2	2100102	2	210	治安委派·贰	累计领取4320分钟挂机收益	2100102	10	22100102	22100102	236
2100103	21001	21001	0	3	2100103	2	210	治安委派·叁	累计领取8640分钟挂机收益	2100103	10	22100103	22100103	237
2100104	21001	21001	0	4	2100104	2	210	治安委派·肆	累计领取17280分钟挂机收益	2100104	10	22100104	22100104	238
2100201	21002	21002	0	1	2100201	2	210	巡逻任务·壹	累计领取1440分钟巡逻任务收益	2100201	10	22100201	22100201	239
2100202	21002	21002	0	2	2100202	2	210	巡逻任务·贰	累计领取4320分钟巡逻任务收益	2100202	10	22100202	22100202	240
2100203	21002	21002	0	3	2100203	2	210	巡逻任务·叁	累计领取8640分钟巡逻任务收益	2100203	10	22100203	22100203	241
2100204	21002	21002	0	4	2100204	2	210	巡逻任务·肆	累计领取17280分钟巡逻任务收益	2100204	10	22100204	22100204	242
2100301	21003	21003	0	1	2100301	2	210	治安任务·壹	累计领取1440分钟治安任务收益	2100301	10	22100301	22100301	243
2100302	21003	21003	0	2	2100302	2	210	治安任务·贰	累计领取4320分钟治安任务收益	2100302	10	22100302	22100302	244
2100303	21003	21003	0	3	2100303	2	210	治安任务·叁	累计领取8640分钟治安任务收益	2100303	10	22100303	22100303	245
2100304	21003	21003	0	4	2100304	2	210	治安任务·肆	累计领取17280分钟治安任务收益	2100304	10	22100304	22100304	246
2100401	21004	21004	0	1	2100401	2	210	研习任务·壹	累计领取1440分钟研习任务收益	2100401	10	22100401	22100401	247
2100402	21004	21004	0	2	2100402	2	210	研习任务·贰	累计领取4320分钟研习任务收益	2100402	10	22100402	22100402	248
2100403	21004	21004	0	3	2100403	2	210	研习任务·叁	累计领取8640分钟研习任务收益	2100403	10	22100403	22100403	249
2100404	21004	21004	0	4	2100404	2	210	研习任务·肆	累计领取17280分钟研习任务收益	2100404	10	22100404	22100404	250
2110101	21101	21101	0	1	2110101	2	211	无人区探索·壹	无人区探索任意区域完成10次	2110101	10	22110101	22110101	251
2110102	21101	21101	0	2	2110102	2	211	无人区探索·贰	无人区探索任意区域完成20次	2110102	10	22110102	22110102	252
2110103	21101	21101	0	3	2110103	2	211	无人区探索·叁	无人区探索任意区域完成50次	2110103	10	22110103	22110103	253
2110201	21102	21102	0	1	2110201	2	211	区域A探索·壹	无人区探索A完成1次	2110201	10	22110201	22110201	254
2110202	21102	21102	0	2	2110202	2	211	区域A探索·贰	无人区探索A完成5次	2110202	10	22110202	22110202	255
2110203	21102	21102	0	3	2110203	2	211	区域A探索·叁	无人区探索A完成10次	2110203	10	22110203	22110203	256
2110301	21103	21103	0	1	2110301	2	211	区域B探索·壹	无人区探索B完成1次	2110301	10	22110301	22110301	257
2110302	21103	21103	0	2	2110302	2	211	区域B探索·贰	无人区探索B完成5次	2110302	10	22110302	22110302	258
2110303	21103	21103	0	3	2110303	2	211	区域B探索·叁	无人区探索B完成10次	2110303	10	22110303	22110303	259
2110401	21104	21104	0	1	2110401	2	211	区域C探索·壹	无人区探索C完成1次	2110401	10	22110401	22110401	260
2110402	21104	21104	0	2	2110402	2	211	区域C探索·贰	无人区探索C完成5次	2110402	10	22110402	22110402	261
2110403	21104	21104	0	3	2110403	2	211	区域C探索·叁	无人区探索C完成10次	2110403	10	22110403	22110403	262
2110501	21105	21105	0	1	2110501	2	211	区域D探索·壹	无人区探索D完成1次	2110501	10	22110501	22110501	263
2110502	21105	21105	0	2	2110502	2	211	区域D探索·贰	无人区探索D完成5次	2110502	10	22110502	22110502	264
2110503	21105	21105	0	3	2110503	2	211	区域D探索·叁	无人区探索D完成10次	2110503	10	22110503	22110503	265
2120101	21201	21201	0	1	2120101	2	212	突发事件·壹	突发事件通过3次	2120101	10	22120101	22120101	266
2120102	21201	21201	0	2	2120102	2	212	突发事件·贰	突发事件通过5次	2120102	10	22120102	22120102	267
2120103	21201	21201	0	3	2120103	2	212	突发事件·叁	突发事件通过10次	2120103	10	22120103	22120103	268
2120104	21201	21201	0	4	2120104	2	212	突发事件·肆	突发事件通过20次	2120104	10	22120104	22120104	269
2120105	21201	21201	0	5	2120105	2	212	突发事件·伍	突发事件通过50次	2120105	10	22120105	22120105	270
2120106	21201	21201	0	6	2120106	2	212	突发事件·陆	突发事件通过100次	2120106	10	22120106	22120106	271
3010101	30101	30101	0	1	3010101	3	301	小游戏挑战·壹	玩过任意小游戏3次	3010101	10	23010101	23010101	272
3010102	30101	30101	0	2	3010102	3	301	小游戏挑战·贰	玩过任意小游戏5次	3010102	10	23010102	23010102	273
3010103	30101	30101	0	3	3010103	3	301	小游戏挑战·叁	玩过任意小游戏10次	3010103	10	23010103	23010103	274
3010104	30101	30101	0	4	3010104	3	301	小游戏挑战·肆	玩过任意小游戏30次	3010104	10	23010104	23010104	275
3010105	30101	30101	0	5	3010105	3	301	小游戏挑战·伍	玩过任意小游戏50次	3010105	10	23010105	23010105	276
3010106	30101	30101	0	6	3010106	3	301	小游戏挑战·陆	玩过任意小游戏100次	3010106	10	23010106	23010106	277
3010107	30101	30101	0	7	3010107	3	301	小游戏挑战·柒	玩过任意小游戏500次	3010107	10	23010107	23010107	278
3020201	30202	30202	0	1	3020201	3	302	料理大师·壹	做过50份料理	3020201	10	23020201	23020201	282
3020202	30202	30202	0	2	3020202	3	302	料理大师·贰	做过100份料理	3020202	10	23020202	23020202	283
3020203	30202	30202	0	3	3020203	3	302	料理大师·叁	做过200份料理	3020203	10	23020203	23020203	284
3020204	30202	30202	0	4	3020204	3	302	料理大师·肆	做过300份料理	3020204	10	23020204	23020204	285
3020205	30202	30202	0	5	3020205	3	302	料理大师·伍	做过500份料理	3020205	10	23020205	23020205	286
3020301	30203	30203	0	1	3020301	3	302	美食家	做出过所有料理	3020301	10	23020301	23020301	287
3030101	30301	30301	0	1	3030101	3	303	埼玉之友·贰	埼玉好感度达到3级	3030101	10	23030101	23030101	288
3030102	30301	30301	0	2	3030102	3	303	埼玉之友·叁	埼玉好感度达到5级	3030102	10	23030102	23030102	289
3030103	30301	30301	0	3	3030103	3	303	埼玉之友·肆	埼玉好感度达到10级	3030103	10	23030103	23030103	290
3030201	30302	30302	0	1	3030201	3	303	训练大师·壹	每日埼玉训练全完成3天	3030201	10	23030201	23030201	291
3030202	30302	30302	0	2	3030202	3	303	训练大师·贰	每日埼玉训练全完成5天	3030202	10	23030202	23030202	292
3030203	30302	30302	0	3	3030203	3	303	训练大师·叁	每日埼玉训练全完成10天	3030203	10	23030203	23030203	293
3030204	30302	30302	0	4	3030204	3	303	训练大师·肆	每日埼玉训练全完成20天	3030204	10	23030204	23030204	294
3030205	30302	30302	0	5	3030205	3	303	训练大师·伍	每日埼玉训练全完成30天	3030205	10	23030205	23030205	295
3030206	30302	30302	0	6	3030206	3	303	训练大师·陆	每日埼玉训练全完成40天	3030206	10	23030206	23030206	296
3030301	30303	30303	0	1	3030301	3	303	每日拜访·壹	埼玉家每日奖励领取3天	3030301	10	23030301	23030301	297
3030302	30303	30303	0	2	3030302	3	303	每日拜访·贰	埼玉家每日奖励领取5天	3030302	10	23030302	23030302	298
3030303	30303	30303	0	3	3030303	3	303	每日拜访·叁	埼玉家每日奖励领取10天	3030303	10	23030303	23030303	299
3030304	30303	30303	0	4	3030304	3	303	每日拜访·肆	埼玉家每日奖励领取20天	3030304	10	23030304	23030304	300
3030305	30303	30303	0	5	3030305	3	303	每日拜访·伍	埼玉家每日奖励领取30天	3030305	10	23030305	23030305	301
3030306	30303	30303	0	6	3030306	3	303	每日拜访·陆	埼玉家每日奖励领取40天	3030306	10	23030306	23030306	302
3030401	30304	30304	0	1	3030401	3	303	埼玉客人·壹	任意客人来访过20次	3030401	10	23030401	23030401	303
3030402	30304	30304	0	2	3030402	3	303	埼玉客人·贰	任意客人来访过30次	3030402	10	23030402	23030402	304
3030403	30304	30304	0	3	3030403	3	303	埼玉客人·叁	任意客人来访过50次	3030403	10	23030403	23030403	305
3030404	30304	30304	0	4	3030404	3	303	埼玉客人·肆	任意客人来访过100次	3030404	10	23030404	23030404	306
3030405	30304	30304	0	5	3030405	3	303	埼玉客人·伍	任意客人来访过200次	3030405	10	23030405	23030405	307
4010101	40101	40101	0	1	4010101	4	401	情报交流·壹	情报交流申请过1次	4010101	10	24010101	24010101	308
4010102	40101	40101	0	2	4010102	4	401	情报交流·贰	情报交流申请过5次	4010102	10	24010102	24010102	309
4010103	40101	40101	0	3	4010103	4	401	情报交流·叁	情报交流申请过10次	4010103	10	24010103	24010103	310
4010104	40101	40101	0	4	4010104	4	401	情报交流·肆	情报交流申请过30次	4010104	10	24010104	24010104	311
4010105	40101	40101	0	5	4010105	4	401	情报交流·伍	情报交流申请过50次	4010105	10	24010105	24010105	312
4010106	40101	40101	0	6	4010106	4	401	情报交流·陆	情报交流申请过100次	4010106	10	24010106	24010106	313
4010201	40102	40102	0	1	4010201	4	401	慷慨大方·壹	情报交流时给与其他玩家情报过10次	4010201	10	24010201	24010201	314
4010202	40102	40102	0	2	4010202	4	401	慷慨大方·贰	情报交流时给与其他玩家情报过20次	4010202	10	24010202	24010202	315
4010203	40102	40102	0	3	4010203	4	401	慷慨大方·叁	情报交流时给与其他玩家情报过50次	4010203	10	24010203	24010203	316
4010204	40102	40102	0	4	4010204	4	401	慷慨大方·肆	情报交流时给与其他玩家情报过100次	4010204	10	24010204	24010204	317
4010205	40102	40102	0	5	4010205	4	401	慷慨大方·伍	情报交流时给与其他玩家情报过200次	4010205	10	24010205	24010205	318
4010206	40102	40102	0	6	4010206	4	401	慷慨大方·陆	情报交流时给与其他玩家情报过300次	4010206	10	24010206	24010206	319
4020101	40201	40201	0	1	4020101	4	402	社团捐献·壹	社团捐献过1次	4020101	10	24020101	24020101	320
4020102	40201	40201	0	2	4020102	4	402	社团捐献·贰	社团捐献过5次	4020102	10	24020102	24020102	321
4020103	40201	40201	0	3	4020103	4	402	社团捐献·叁	社团捐献过10次	4020103	10	24020103	24020103	322
4020104	40201	40201	0	4	4020104	4	402	社团捐献·肆	社团捐献过20次	4020104	10	24020104	24020104	323
4020105	40201	40201	0	5	4020105	4	402	社团捐献·伍	社团捐献过30次	4020105	10	24020105	24020105	324
4020106	40201	40201	0	6	4020106	4	402	社团捐献·陆	社团捐献过50次	4020106	10	24020106	24020106	325
4020107	40201	40201	0	7	4020107	4	402	社团捐献·柒	社团捐献过100次	4020107	10	24020107	24020107	326
4030101	40301	40301	0	1	4030101	4	403	社团任务·壹	社团任务完成过10次	4030101	10	24030101	24030101	327
4030102	40301	40301	0	2	4030102	4	403	社团任务·贰	社团任务完成过50次	4030102	10	24030102	24030102	328
4030103	40301	40301	0	3	4030103	4	403	社团任务·叁	社团任务完成过100次	4030103	10	24030103	24030103	329
4030104	40301	40301	0	4	4030104	4	403	社团任务·肆	社团任务完成过300次	4030104	10	24030104	24030104	330
4030105	40301	40301	0	5	4030105	4	403	社团任务·伍	社团任务完成过500次	4030105	10	24030105	24030105	331
4030201	40302	40302	0	1	4030201	4	403	协作任务·壹	社团协作任务完成过10次	4030201	10	24030201	24030201	332
4030202	40302	40302	0	2	4030202	4	403	协作任务·贰	社团协作任务完成过50次	4030202	10	24030202	24030202	333
4030203	40302	40302	0	3	4030203	4	403	协作任务·叁	社团协作任务完成过100次	4030203	10	24030203	24030203	334
4030204	40302	40302	0	4	4030204	4	403	协作任务·肆	社团协作任务完成过300次	4030204	10	24030204	24030204	335
4030205	40302	40302	0	5	4030205	4	403	协作任务·伍	社团协作任务完成过500次	4030205	10	24030205	24030205	336
4040101	40401	40401	0	1	4040101	4	404	社团挑战·壹	参加过1次社团挑战	4040101	10	24040101	24040101	337
4040102	40401	40401	0	2	4040102	4	404	社团挑战·贰	参加过15次社团挑战	4040102	10	24040102	24040102	338
4040103	40401	40401	0	3	4040103	4	404	社团挑战·叁	参加过30次社团挑战	4040103	10	24040103	24040103	339
4040104	40401	40401	0	4	4040104	4	404	社团挑战·肆	参加过50次社团挑战	4040104	10	24040104	24040104	340
4040105	40401	40401	0	5	4040105	4	404	社团挑战·伍	参加过100次社团挑战	4040105	10	24040105	24040105	341
4060201	40602	40602	0	1	4060201	4	406	社团声望·壹	累计消耗了1万点社团声望	4060201	10	24060201	24060201	342
4060202	40602	40602	0	2	4060202	4	406	社团声望·贰	累计消耗了5万点社团声望	4060202	10	24060202	24060202	343
4060203	40602	40602	0	3	4060203	4	406	社团声望·叁	累计消耗了10万点社团声望	4060203	10	24060203	24060203	344
4060204	40602	40602	0	4	4060204	4	406	社团声望·肆	累计消耗了30万点社团声望	4060204	10	24060204	24060204	345
4060205	40602	40602	0	5	4060205	4	406	社团声望·伍	累计消耗了50万点社团声望	4060205	10	24060205	24060205	346
4060301	40603	40603	0	1	4060301	4	406	社团新人	成功加入1个社团	4060301	10	24060301	24060301	347
4070101	40701	40701	0	1	4070101	4	407	好友·壹	拥有1个好友	4070101	10	24070101	24070101	348
4070102	40701	40701	0	2	4070102	4	407	好友·贰	拥有10个好友	4070102	10	24070102	24070102	349
4070103	40701	40701	0	3	4070103	4	407	好友·叁	拥有50个好友	4070103	10	24070103	24070103	350
5010101	50101	50473	1	1	5010101	5	501	武道大会·壹	武道大会达到了黄金	5010101	10	25010101	25010101	357
5010102	50101	50474	1	2	5010102	5	501	武道大会·贰	武道大会达到了铂金	5010102	10	25010102	25010102	358
5010103	50101	50475	1	3	5010103	5	501	武道大会·叁	武道大会达到了王者	5010103	10	25010103	25010103	359
5010201	50102	50102	0	1	5010201	5	501	痴迷战斗·壹	武道大会参与了20次	5010201	10	25010201	25010201	360
5010202	50102	50102	0	2	5010202	5	501	痴迷战斗·贰	武道大会参与了50次	5010202	10	25010202	25010202	361
5010203	50102	50102	0	3	5010203	5	501	痴迷战斗·叁	武道大会参与了100次	5010203	10	25010203	25010203	362
5010204	50102	50102	0	4	5010204	5	501	痴迷战斗·肆	武道大会参与了500次	5010204	10	25010204	25010204	363
5010301	50103	50103	0	1	5010301	5	501	武术大师·壹	武道大会达成过3连胜	5010301	10	25010301	25010301	364
5010302	50103	50103	0	2	5010302	5	501	武术大师·贰	武道大会达成过5连胜	5010302	10	25010302	25010302	365
5010303	50103	50103	0	3	5010303	5	501	武术大师·叁	武道大会达成过10连胜	5010303	10	25010303	25010303	366
5020101	50201	50201	0	1	5020101	5	502	道馆演武·壹	道馆演武进行50次	5020101	10	25020101	25020101	367
5020102	50201	50201	0	2	5020102	5	502	道馆演武·贰	道馆演武进行100次	5020102	10	25020102	25020102	368
5020103	50201	50201	0	3	5020103	5	502	道馆演武·叁	道馆演武进行300次	5020103	10	25020103	25020103	369
5020104	50201	50201	0	4	5020104	5	502	道馆演武·肆	道馆演武进行500次	5020104	10	25020104	25020104	370
5020105	50201	50201	0	5	5020105	5	502	道馆演武·伍	道馆演武进行1000次	5020105	10	25020105	25020105	371
5020106	50201	50201	0	6	5020106	5	502	道馆演武·陆	道馆演武进行2000次	5020106	10	25020106	25020106	372
5020107	50201	50201	0	7	5020107	5	502	道馆演武·柒	道馆演武进行3000次	5020107	10	25020107	25020107	373
5020201	50202	50202	0	1	5020201	5	502	道馆演武任务·壹	道馆演武任务完成50次	5020201	10	25020201	25020201	374
5020202	50202	50202	0	2	5020202	5	502	道馆演武任务·贰	道馆演武任务完成100次	5020202	10	25020202	25020202	375
5020203	50202	50202	0	3	5020203	5	502	道馆演武任务·叁	道馆演武任务完成300次	5020203	10	25020203	25020203	376
5020204	50202	50202	0	4	5020204	5	502	道馆演武任务·肆	道馆演武任务完成500次	5020204	10	25020204	25020204	377
5020205	50202	50202	0	5	5020205	5	502	道馆演武任务·伍	道馆演武任务完成1000次	5020205	10	25020205	25020205	378
5020206	50202	50202	0	6	5020206	5	502	道馆演武任务·陆	道馆演武任务完成2000次	5020206	10	25020206	25020206	379
6010101	60101	60101	0	1	6010101	6	601	角色召集·壹	拥有10个角色	6010101	10	26010101	26010101	380
6010102	60101	60101	0	2	6010102	6	601	角色召集·贰	拥有20个角色	6010102	10	26010102	26010102	381
6010103	60101	60101	0	3	6010103	6	601	角色召集·叁	拥有30个角色	6010103	10	26010103	26010103	382
6010104	60101	60101	0	4	6010104	6	601	角色召集·肆	拥有40个角色	6010104	10	26010104	26010104	383
6010105	60101	60101	0	5	6010105	6	601	角色召集·伍	拥有50个角色	6010105	10	26010105	26010105	384
6010201	60102	60102	0	1	6010201	6	601	SSR召集·壹	拥有1个SSR角色	6010201	10	26010201	26010201	385
6010202	60102	60102	0	2	6010202	6	601	SSR召集·贰	拥有5个SSR角色	6010202	10	26010202	26010202	386
6010203	60102	60102	0	3	6010203	6	601	SSR召集·叁	拥有10个SSR角色	6010203	10	26010203	26010203	387
6010301	60103	60103	0	1	6010301	6	601	SR召集·壹	拥有1个SR角色	6010301	10	26010301	26010301	388
6010302	60103	60103	0	2	6010302	6	601	SR召集·贰	拥有5个SR级角色	6010302	10	26010302	26010302	389
6010303	60103	60103	0	3	6010303	6	601	SR召集·叁	拥有10个SR级角色	6010303	10	26010303	26010303	390
6010401	60104	60104	0	1	6010401	6	601	特别招募·壹	特别招募过10次	6010401	10	26010401	26010401	391
6010402	60104	60104	0	2	6010402	6	601	特别招募·贰	特别招募过100次	6010402	10	26010402	26010402	392
6010403	60104	60104	0	3	6010403	6	601	特别招募·叁	特别招募过300次	6010403	10	26010403	26010403	393
6020101	60201	60201	0	1	6020101	6	602	高级源核·壹	获得1个橙色源核	6020101	10	26020101	26020101	394
6020102	60201	60201	0	2	6020102	6	602	高级源核·贰	获得5个橙色源核	6020102	10	26020102	26020102	395
6020103	60201	60201	0	3	6020103	6	602	高级源核·叁	获得30个橙色源核	6020103	10	26020103	26020103	396
6020104	60201	60201	0	4	6020104	6	602	高级源核·肆	获得50个橙色源核	6020104	10	26020104	26020104	397
6020105	60201	60201	0	5	6020105	6	602	高级源核·伍	获得100个橙色源核	6020105	10	26020105	26020105	398
6020301	60203	60203	0	1	6020301	6	602	源核收集·壹	拥有1个15级源核	6020301	10	26020301	26020301	399
6020302	60203	60203	0	2	6020302	6	602	源核收集·贰	拥有10个15级源核	6020302	10	26020302	26020302	400
6020303	60203	60203	0	3	6020303	6	602	源核收集·叁	拥有100个15级源核	6020303	10	26020303	26020303	401
6040101	60401	60401	0	1	6040101	6	604	收集大师·肆	拥有所有种类源核	6040101	10	26040101	26040101	402
6020401	60204	60204	0	1	6020401	6	602	源核升级·壹	升级过10次源核	6020401	10	26020401	26020401	403
6020402	60204	60204	0	2	6020402	6	602	源核升级·贰	升级过100次源核	6020402	10	26020402	26020402	404
6020403	60204	60204	0	3	6020403	6	602	源核升级·叁	升级过500次源核	6020403	10	26020403	26020403	405
6030101	60301	60301	0	1	6030101	6	603	协同指导激活	协同指导激活过1次	6030101	10	26030101	26030101	406
6030201	60302	60302	0	1	6030201	6	603	协同指导·壹	协同指导解锁了1个位置	6030201	10	26030201	26030201	407
6030202	60302	60302	0	2	6030202	6	603	协同指导·贰	协同指导解锁了3个位置	6030202	10	26030202	26030202	408
6030203	60302	60302	0	3	6030203	6	603	协同指导·叁	协同指导解锁了5个位置	6030203	10	26030203	26030203	409
6030204	60302	60302	0	4	6030204	6	603	协同指导·肆	协同指导解锁了7个位置	6030204	10	26030204	26030204	410
7010201	70102	70529	1	1	7010201	7	701	姐妹同心	拥有战栗的龙卷和地狱的吹雪	7010201	10	27010201	27010201	412
7010401	70104	70533	1	1	7010401	7	701	背心兄弟	拥有背心猛虎和背心黑洞	7010401	10	27010401	27010401	414
7010501	70105	70535	1	1	7010501	7	701	街头潮流	拥有金属球棒、闪电麦克斯、嗡嗡侠、大背头男	7010501	10	27010501	27010501	415
7010601	70106	70537	1	1	7010601	7	701	强壮豪杰	拥有性感囚犯、重型金刚、钉锤头	7010601	10	27010601	27010601	416
7020101	70201	70634	1	1	7020101	7	702	流派！流水岩碎拳	队伍中有银色獠牙和茶岚子，并获得武道大会胜利1次	7020101	10	27020101	27020101	418
7020201	70202	70636	1	1	7020201	7	702	剑道极意	队伍中有原子武士和居合庵，并获得武道大会胜利1次	7020201	10	27020201	27020201	419
7020501	70205	70642	1	1	7020501	7	702	吹雪组的胜利	队伍中有吹雪组全员，并获得武道大会胜利1次	7020501	10	27020501	27020501	422
7030101	70301	70301	0	1	7030101	7	703	非洲人·壹	连续30次招募，没有得到SSR角色	7030101	10	27030101	27030101	423
7030102	70301	70301	0	2	7030102	7	703	非洲人·贰	连续35次招募，没有得到SSR角色	7030102	10	27030102	27030102	424
7030103	70301	70301	0	3	7030103	7	703	非洲人·叁	连续40次招募，没有得到SSR角色	7030103	10	27030103	27030103	425
7030104	70301	70301	0	4	7030104	7	703	非洲人·肆	连续50次招募，没有得到SSR角色	7030104	10	27030104	27030104	426
