id	scheDuling	level	payLevel	rechargeShopId	score	freeGift	freeGiftShow	payGift	payGiftShow	redirectionId	
1	100	1	1120020	20109	10	20000443	20000443	20000445	20000445	0
2	100	2	1120020	20109	24	20000443	20000443	20000444	20000444	0
3	100	3	1120020	20109	42	20000443	20000443	20000444	20000444	0
4	100	4	1120020	20109	64	20000443	20000443	20000444	20000444	0
5	100	5	1120020	20109	90	20000431	20000431	20000433	20000433	1
6	100	6	1120020	20109	120	20000443	20000443	20000444	20000444	0
7	100	7	1120020	20109	154	20000443	20000443	20000444	20000444	0
8	100	8	1120020	20109	192	20000443	20000443	20000444	20000444	0
9	100	9	1120020	20109	234	20000443	20000443	20000444	20000444	0
10	100	10	1120020	20109	280	20000431	20000431	20000433	20000433	1
11	100	11	1120020	20109	330	20000443	20000443	20000444	20000444	0
12	100	12	1120020	20109	384	20000443	20000443	20000444	20000444	0
13	100	13	1120020	20109	442	20000443	20000443	20000444	20000444	0
14	100	14	1120020	20109	504	20000443	20000443	20000444	20000444	0
15	100	15	1120020	20109	570	20000431	20000431	20000433	20000433	1
16	100	16	1120020	20109	640	20000443	20000443	20000444	20000444	0
17	100	17	1120020	20109	714	20000443	20000443	20000444	20000444	0
18	100	18	1120020	20109	792	20000443	20000443	20000444	20000444	0
19	100	19	1120020	20109	874	20000443	20000443	20000444	20000444	0
20	100	20	1120020	20109	960	20000431	20000431	20000434	20000434	1
21	100	21	1120020	20109	1050	20000443	20000443	20000444	20000444	0
22	100	22	1120020	20109	1144	20000443	20000443	20000444	20000444	0
23	100	23	1120020	20109	1242	20000443	20000443	20000444	20000444	0
24	100	24	1120020	20109	1346	20000443	20000443	20000444	20000444	0
25	100	25	1120020	20109	1456	20000431	20000431	20000434	20000434	1
26	100	26	1120020	20109	1572	20000443	20000443	20000444	20000444	0
27	100	27	1120020	20109	1694	20000443	20000443	20000444	20000444	0
28	100	28	1120020	20109	1822	20000443	20000443	20000444	20000444	0
29	100	29	1120020	20109	1956	20000443	20000443	20000444	20000444	0
30	100	30	1120020	20109	2096	20000431	20000431	20000434	20000434	1
31	100	31	1120020	20109	2242	20000443	20000443	20000444	20000444	0
32	100	32	1120020	20109	2394	20000443	20000443	20000444	20000444	0
33	100	33	1120020	20109	2552	20000443	20000443	20000444	20000444	0
34	100	34	1120020	20109	2716	20000443	20000443	20000444	20000444	0
35	100	35	1120020	20109	2886	20000432	20000432	20000436	20000436	1
36	100	36	1120020	20109	3062	20000443	20000443	20000444	20000444	0
37	100	37	1120020	20109	3244	20000443	20000443	20000444	20000444	0
38	100	38	1120020	20109	3432	20000443	20000443	20000444	20000444	0
39	100	39	1120020	20109	3626	20000443	20000443	20000444	20000444	0
40	100	40	1120020	20109	3826	20000432	20000432	20000435	20000435	1
41	100	41	1120020	20109	4032	20000443	20000443	20000444	20000444	0
42	100	42	1120020	20109	4244	20000443	20000443	20000444	20000444	0
43	100	43	1120020	20109	4462	20000443	20000443	20000444	20000444	0
44	100	44	1120020	20109	4686	20000443	20000443	20000444	20000444	0
45	100	45	1120020	20109	4916	20000432	20000432	20000437	20000437	1
46	100	46	1120020	20109	5152	20000443	20000443	20000444	20000444	0
47	100	47	1120020	20109	5394	20000443	20000443	20000444	20000444	0
48	100	48	1120020	20109	5642	20000443	20000443	20000444	20000444	0
49	100	49	1120020	20109	5896	20000443	20000443	20000444	20000444	0
50	100	50	1120020	20109	6156	20000432	20000432	20000437	20000437	1
51	100	51	1120020	20109	6422	20000443	20000443	20000444	20000444	0
52	100	52	1120020	20109	6694	20000443	20000443	20000444	20000444	0
53	100	53	1120020	20109	6972	20000443	20000443	20000444	20000444	0
54	100	54	1120020	20109	7256	20000443	20000443	20000444	20000444	0
55	100	55	1120020	20109	7546	20000432	20000432	20000437	20000437	1
56	100	56	1120020	20109	7842	20000443	20000443	20000444	20000444	0
57	100	57	1120020	20109	8144	20000443	20000443	20000444	20000444	0
58	100	58	1120020	20109	8452	20000443	20000443	20000444	20000444	0
59	100	59	1120020	20109	8766	20000443	20000443	20000444	20000444	0
60	100	60	1120020	20109	9086	20000432	20000432	20000437	20000437	1
101	11	1	1120020	20109	0	20000443	20000443	20000671	20000671	0
102	11	2	1120020	20109	24	20000443	20000443	20000444	20000444	0
103	11	3	1120020	20109	42	20000443	20000443	20000444	20000444	0
104	11	4	1120020	20109	64	20000443	20000443	20000444	20000444	0
105	11	5	1120020	20109	90	20000431	20000431	20000672	20000672	1
106	11	6	1120020	20109	120	20000443	20000443	20000444	20000444	0
107	11	7	1120020	20109	154	20000443	20000443	20000444	20000444	0
108	11	8	1120020	20109	192	20000443	20000443	20000444	20000444	0
109	11	9	1120020	20109	234	20000443	20000443	20000444	20000444	0
110	11	10	1120020	20109	280	20000431	20000431	20000673	20000673	1
111	11	11	1120020	20109	330	20000443	20000443	20000444	20000444	0
112	11	12	1120020	20109	384	20000443	20000443	20000444	20000444	0
113	11	13	1120020	20109	442	20000443	20000443	20000444	20000444	0
114	11	14	1120020	20109	504	20000443	20000443	20000444	20000444	0
115	11	15	1120020	20109	570	20000431	20000431	20000674	20000674	1
116	11	16	1120020	20109	640	20000443	20000443	20000444	20000444	0
117	11	17	1120020	20109	714	20000443	20000443	20000444	20000444	0
118	11	18	1120020	20109	792	20000443	20000443	20000444	20000444	0
119	11	19	1120020	20109	874	20000443	20000443	20000444	20000444	0
120	11	20	1120020	20109	960	20000431	20000431	20000675	20000675	1
121	11	21	1120020	20109	1050	20000443	20000443	20000444	20000444	0
122	11	22	1120020	20109	1144	20000443	20000443	20000444	20000444	0
123	11	23	1120020	20109	1242	20000443	20000443	20000444	20000444	0
124	11	24	1120020	20109	1346	20000443	20000443	20000444	20000444	0
125	11	25	1120020	20109	1456	20000431	20000431	20000676	20000676	1
126	11	26	1120020	20109	1572	20000443	20000443	20000444	20000444	0
127	11	27	1120020	20109	1694	20000443	20000443	20000444	20000444	0
128	11	28	1120020	20109	1822	20000443	20000443	20000444	20000444	0
129	11	29	1120020	20109	1956	20000443	20000443	20000444	20000444	0
130	11	30	1120020	20109	2096	20000431	20000431	20000677	20000677	1
131	11	31	1120020	20109	2242	20000443	20000443	20000444	20000444	0
132	11	32	1120020	20109	2394	20000443	20000443	20000444	20000444	0
133	11	33	1120020	20109	2552	20000443	20000443	20000444	20000444	0
134	11	34	1120020	20109	2716	20000443	20000443	20000444	20000444	0
135	11	35	1120020	20109	2886	20000432	20000432	20000678	20000678	1
136	11	36	1120020	20109	3062	20000443	20000443	20000444	20000444	0
137	11	37	1120020	20109	3244	20000443	20000443	20000444	20000444	0
138	11	38	1120020	20109	3432	20000443	20000443	20000444	20000444	0
139	11	39	1120020	20109	3626	20000443	20000443	20000444	20000444	0
140	11	40	1120020	20109	3826	20000432	20000432	20000679	20000679	1
141	11	41	1120020	20109	4032	20000443	20000443	20000444	20000444	0
142	11	42	1120020	20109	4244	20000443	20000443	20000444	20000444	0
143	11	43	1120020	20109	4462	20000443	20000443	20000444	20000444	0
144	11	44	1120020	20109	4686	20000443	20000443	20000444	20000444	0
145	11	45	1120020	20109	4916	20000432	20000432	20000680	20000680	1
146	11	46	1120020	20109	5152	20000443	20000443	20000444	20000444	0
147	11	47	1120020	20109	5394	20000443	20000443	20000444	20000444	0
148	11	48	1120020	20109	5642	20000443	20000443	20000444	20000444	0
149	11	49	1120020	20109	5896	20000443	20000443	20000444	20000444	0
150	11	50	1120020	20109	6156	20000432	20000432	20000681	20000681	1
151	11	51	1120020	20109	6422	20000443	20000443	20000444	20000444	0
152	11	52	1120020	20109	6694	20000443	20000443	20000444	20000444	0
153	11	53	1120020	20109	6972	20000443	20000443	20000444	20000444	0
154	11	54	1120020	20109	7256	20000443	20000443	20000444	20000444	0
155	11	55	1120020	20109	7546	20000432	20000432	20000682	20000682	1
156	11	56	1120020	20109	7842	20000443	20000443	20000444	20000444	0
157	11	57	1120020	20109	8144	20000443	20000443	20000444	20000444	0
158	11	58	1120020	20109	8452	20000443	20000443	20000444	20000444	0
159	11	59	1120020	20109	8766	20000443	20000443	20000444	20000444	0
160	11	60	1120020	20109	9086	20000432	20000432	20000683	20000683	1
201	12	1	1120020	20109	0	20000443	20000443	20000671	20000671	0
202	12	2	1120020	20109	24	20000443	20000443	20000444	20000444	0
203	12	3	1120020	20109	42	20000443	20000443	20000444	20000444	0
204	12	4	1120020	20109	64	20000443	20000443	20000444	20000444	0
205	12	5	1120020	20109	90	20000431	20000431	20000672	20000672	1
206	12	6	1120020	20109	120	20000443	20000443	20000444	20000444	0
207	12	7	1120020	20109	154	20000443	20000443	20000444	20000444	0
208	12	8	1120020	20109	192	20000443	20000443	20000444	20000444	0
209	12	9	1120020	20109	234	20000443	20000443	20000444	20000444	0
210	12	10	1120020	20109	280	20000431	20000431	20000673	20000673	1
211	12	11	1120020	20109	330	20000443	20000443	20000444	20000444	0
212	12	12	1120020	20109	384	20000443	20000443	20000444	20000444	0
213	12	13	1120020	20109	442	20000443	20000443	20000444	20000444	0
214	12	14	1120020	20109	504	20000443	20000443	20000444	20000444	0
215	12	15	1120020	20109	570	20000431	20000431	20000674	20000674	1
216	12	16	1120020	20109	640	20000443	20000443	20000444	20000444	0
217	12	17	1120020	20109	714	20000443	20000443	20000444	20000444	0
218	12	18	1120020	20109	792	20000443	20000443	20000444	20000444	0
219	12	19	1120020	20109	874	20000443	20000443	20000444	20000444	0
220	12	20	1120020	20109	960	20000431	20000431	20000675	20000675	1
221	12	21	1120020	20109	1050	20000443	20000443	20000444	20000444	0
222	12	22	1120020	20109	1144	20000443	20000443	20000444	20000444	0
223	12	23	1120020	20109	1242	20000443	20000443	20000444	20000444	0
224	12	24	1120020	20109	1346	20000443	20000443	20000444	20000444	0
225	12	25	1120020	20109	1456	20000431	20000431	20000676	20000676	1
226	12	26	1120020	20109	1572	20000443	20000443	20000444	20000444	0
227	12	27	1120020	20109	1694	20000443	20000443	20000444	20000444	0
228	12	28	1120020	20109	1822	20000443	20000443	20000444	20000444	0
229	12	29	1120020	20109	1956	20000443	20000443	20000444	20000444	0
230	12	30	1120020	20109	2096	20000431	20000431	20000677	20000677	1
231	12	31	1120020	20109	2242	20000443	20000443	20000444	20000444	0
232	12	32	1120020	20109	2394	20000443	20000443	20000444	20000444	0
233	12	33	1120020	20109	2552	20000443	20000443	20000444	20000444	0
234	12	34	1120020	20109	2716	20000443	20000443	20000444	20000444	0
235	12	35	1120020	20109	2886	20000432	20000432	20000678	20000678	1
236	12	36	1120020	20109	3062	20000443	20000443	20000444	20000444	0
237	12	37	1120020	20109	3244	20000443	20000443	20000444	20000444	0
238	12	38	1120020	20109	3432	20000443	20000443	20000444	20000444	0
239	12	39	1120020	20109	3626	20000443	20000443	20000444	20000444	0
240	12	40	1120020	20109	3826	20000432	20000432	20000679	20000679	1
241	12	41	1120020	20109	4032	20000443	20000443	20000444	20000444	0
242	12	42	1120020	20109	4244	20000443	20000443	20000444	20000444	0
243	12	43	1120020	20109	4462	20000443	20000443	20000444	20000444	0
244	12	44	1120020	20109	4686	20000443	20000443	20000444	20000444	0
245	12	45	1120020	20109	4916	20000432	20000432	20000680	20000680	1
246	12	46	1120020	20109	5152	20000443	20000443	20000444	20000444	0
247	12	47	1120020	20109	5394	20000443	20000443	20000444	20000444	0
248	12	48	1120020	20109	5642	20000443	20000443	20000444	20000444	0
249	12	49	1120020	20109	5896	20000443	20000443	20000444	20000444	0
250	12	50	1120020	20109	6156	20000432	20000432	20000681	20000681	1
251	12	51	1120020	20109	6422	20000443	20000443	20000444	20000444	0
252	12	52	1120020	20109	6694	20000443	20000443	20000444	20000444	0
253	12	53	1120020	20109	6972	20000443	20000443	20000444	20000444	0
254	12	54	1120020	20109	7256	20000443	20000443	20000444	20000444	0
255	12	55	1120020	20109	7546	20000432	20000432	20000682	20000682	1
256	12	56	1120020	20109	7842	20000443	20000443	20000444	20000444	0
257	12	57	1120020	20109	8144	20000443	20000443	20000444	20000444	0
258	12	58	1120020	20109	8452	20000443	20000443	20000444	20000444	0
259	12	59	1120020	20109	8766	20000443	20000443	20000444	20000444	0
260	12	60	1120020	20109	9086	20000432	20000432	20000683	20000683	1
301	1	1	1120020	20109	10	20000443	20000443	20000445	20000445	0
302	1	2	1120020	20109	24	20000443	20000443	20000444	20000444	0
303	1	3	1120020	20109	42	20000443	20000443	20000444	20000444	0
304	1	4	1120020	20109	64	20000443	20000443	20000444	20000444	0
305	1	5	1120020	20109	90	20000431	20000431	20000433	20000433	1
306	1	6	1120020	20109	120	20000443	20000443	20000444	20000444	0
307	1	7	1120020	20109	154	20000443	20000443	20000444	20000444	0
308	1	8	1120020	20109	192	20000443	20000443	20000444	20000444	0
309	1	9	1120020	20109	234	20000443	20000443	20000444	20000444	0
310	1	10	1120020	20109	280	20000431	20000431	20000433	20000433	1
311	1	11	1120020	20109	330	20000443	20000443	20000444	20000444	0
312	1	12	1120020	20109	384	20000443	20000443	20000444	20000444	0
313	1	13	1120020	20109	442	20000443	20000443	20000444	20000444	0
314	1	14	1120020	20109	504	20000443	20000443	20000444	20000444	0
315	1	15	1120020	20109	570	20000431	20000431	20000433	20000433	1
316	1	16	1120020	20109	640	20000443	20000443	20000444	20000444	0
317	1	17	1120020	20109	714	20000443	20000443	20000444	20000444	0
318	1	18	1120020	20109	792	20000443	20000443	20000444	20000444	0
319	1	19	1120020	20109	874	20000443	20000443	20000444	20000444	0
320	1	20	1120020	20109	960	20000431	20000431	20000434	20000434	1
321	1	21	1120020	20109	1050	20000443	20000443	20000444	20000444	0
322	1	22	1120020	20109	1144	20000443	20000443	20000444	20000444	0
323	1	23	1120020	20109	1242	20000443	20000443	20000444	20000444	0
324	1	24	1120020	20109	1346	20000443	20000443	20000444	20000444	0
325	1	25	1120020	20109	1456	20000431	20000431	20000434	20000434	1
326	1	26	1120020	20109	1572	20000443	20000443	20000444	20000444	0
327	1	27	1120020	20109	1694	20000443	20000443	20000444	20000444	0
328	1	28	1120020	20109	1822	20000443	20000443	20000444	20000444	0
329	1	29	1120020	20109	1956	20000443	20000443	20000444	20000444	0
330	1	30	1120020	20109	2096	20000431	20000431	20000434	20000434	1
331	1	31	1120020	20109	2242	20000443	20000443	20000444	20000444	0
332	1	32	1120020	20109	2394	20000443	20000443	20000444	20000444	0
333	1	33	1120020	20109	2552	20000443	20000443	20000444	20000444	0
334	1	34	1120020	20109	2716	20000443	20000443	20000444	20000444	0
335	1	35	1120020	20109	2886	20000432	20000432	20000436	20000436	1
336	1	36	1120020	20109	3062	20000443	20000443	20000444	20000444	0
337	1	37	1120020	20109	3244	20000443	20000443	20000444	20000444	0
338	1	38	1120020	20109	3432	20000443	20000443	20000444	20000444	0
339	1	39	1120020	20109	3626	20000443	20000443	20000444	20000444	0
340	1	40	1120020	20109	3826	20000432	20000432	20000435	20000435	1
341	1	41	1120020	20109	4032	20000443	20000443	20000444	20000444	0
342	1	42	1120020	20109	4244	20000443	20000443	20000444	20000444	0
343	1	43	1120020	20109	4462	20000443	20000443	20000444	20000444	0
344	1	44	1120020	20109	4686	20000443	20000443	20000444	20000444	0
345	1	45	1120020	20109	4916	20000432	20000432	20000437	20000437	1
346	1	46	1120020	20109	5152	20000443	20000443	20000444	20000444	0
347	1	47	1120020	20109	5394	20000443	20000443	20000444	20000444	0
348	1	48	1120020	20109	5642	20000443	20000443	20000444	20000444	0
349	1	49	1120020	20109	5896	20000443	20000443	20000444	20000444	0
350	1	50	1120020	20109	6156	20000432	20000432	20000437	20000437	1
351	1	51	1120020	20109	6422	20000443	20000443	20000444	20000444	0
352	1	52	1120020	20109	6694	20000443	20000443	20000444	20000444	0
353	1	53	1120020	20109	6972	20000443	20000443	20000444	20000444	0
354	1	54	1120020	20109	7256	20000443	20000443	20000444	20000444	0
355	1	55	1120020	20109	7546	20000432	20000432	20000437	20000437	1
356	1	56	1120020	20109	7842	20000443	20000443	20000444	20000444	0
357	1	57	1120020	20109	8144	20000443	20000443	20000444	20000444	0
358	1	58	1120020	20109	8452	20000443	20000443	20000444	20000444	0
359	1	59	1120020	20109	8766	20000443	20000443	20000444	20000444	0
360	1	60	1120020	20109	9086	20000432	20000432	20000437	20000437	1
401	2	1	1120020	20109	10	20000443	20000443	20000445	20000445	0
402	2	2	1120020	20109	24	20000443	20000443	20000444	20000444	0
403	2	3	1120020	20109	42	20000443	20000443	20000444	20000444	0
404	2	4	1120020	20109	64	20000443	20000443	20000444	20000444	0
405	2	5	1120020	20109	90	20000431	20000431	20000433	20000433	1
406	2	6	1120020	20109	120	20000443	20000443	20000444	20000444	0
407	2	7	1120020	20109	154	20000443	20000443	20000444	20000444	0
408	2	8	1120020	20109	192	20000443	20000443	20000444	20000444	0
409	2	9	1120020	20109	234	20000443	20000443	20000444	20000444	0
410	2	10	1120020	20109	280	20000431	20000431	20000433	20000433	1
411	2	11	1120020	20109	330	20000443	20000443	20000444	20000444	0
412	2	12	1120020	20109	384	20000443	20000443	20000444	20000444	0
413	2	13	1120020	20109	442	20000443	20000443	20000444	20000444	0
414	2	14	1120020	20109	504	20000443	20000443	20000444	20000444	0
415	2	15	1120020	20109	570	20000431	20000431	20000433	20000433	1
416	2	16	1120020	20109	640	20000443	20000443	20000444	20000444	0
417	2	17	1120020	20109	714	20000443	20000443	20000444	20000444	0
418	2	18	1120020	20109	792	20000443	20000443	20000444	20000444	0
419	2	19	1120020	20109	874	20000443	20000443	20000444	20000444	0
420	2	20	1120020	20109	960	20000431	20000431	20000434	20000434	1
421	2	21	1120020	20109	1050	20000443	20000443	20000444	20000444	0
422	2	22	1120020	20109	1144	20000443	20000443	20000444	20000444	0
423	2	23	1120020	20109	1242	20000443	20000443	20000444	20000444	0
424	2	24	1120020	20109	1346	20000443	20000443	20000444	20000444	0
425	2	25	1120020	20109	1456	20000431	20000431	20000434	20000434	1
426	2	26	1120020	20109	1572	20000443	20000443	20000444	20000444	0
427	2	27	1120020	20109	1694	20000443	20000443	20000444	20000444	0
428	2	28	1120020	20109	1822	20000443	20000443	20000444	20000444	0
429	2	29	1120020	20109	1956	20000443	20000443	20000444	20000444	0
430	2	30	1120020	20109	2096	20000431	20000431	20000434	20000434	1
431	2	31	1120020	20109	2242	20000443	20000443	20000444	20000444	0
432	2	32	1120020	20109	2394	20000443	20000443	20000444	20000444	0
433	2	33	1120020	20109	2552	20000443	20000443	20000444	20000444	0
434	2	34	1120020	20109	2716	20000443	20000443	20000444	20000444	0
435	2	35	1120020	20109	2886	20000432	20000432	20000436	20000436	1
436	2	36	1120020	20109	3062	20000443	20000443	20000444	20000444	0
437	2	37	1120020	20109	3244	20000443	20000443	20000444	20000444	0
438	2	38	1120020	20109	3432	20000443	20000443	20000444	20000444	0
439	2	39	1120020	20109	3626	20000443	20000443	20000444	20000444	0
440	2	40	1120020	20109	3826	20000432	20000432	20000435	20000435	1
441	2	41	1120020	20109	4032	20000443	20000443	20000444	20000444	0
442	2	42	1120020	20109	4244	20000443	20000443	20000444	20000444	0
443	2	43	1120020	20109	4462	20000443	20000443	20000444	20000444	0
444	2	44	1120020	20109	4686	20000443	20000443	20000444	20000444	0
445	2	45	1120020	20109	4916	20000432	20000432	20000437	20000437	1
446	2	46	1120020	20109	5152	20000443	20000443	20000444	20000444	0
447	2	47	1120020	20109	5394	20000443	20000443	20000444	20000444	0
448	2	48	1120020	20109	5642	20000443	20000443	20000444	20000444	0
449	2	49	1120020	20109	5896	20000443	20000443	20000444	20000444	0
450	2	50	1120020	20109	6156	20000432	20000432	20000437	20000437	1
451	2	51	1120020	20109	6422	20000443	20000443	20000444	20000444	0
452	2	52	1120020	20109	6694	20000443	20000443	20000444	20000444	0
453	2	53	1120020	20109	6972	20000443	20000443	20000444	20000444	0
454	2	54	1120020	20109	7256	20000443	20000443	20000444	20000444	0
455	2	55	1120020	20109	7546	20000432	20000432	20000437	20000437	1
456	2	56	1120020	20109	7842	20000443	20000443	20000444	20000444	0
457	2	57	1120020	20109	8144	20000443	20000443	20000444	20000444	0
458	2	58	1120020	20109	8452	20000443	20000443	20000444	20000444	0
459	2	59	1120020	20109	8766	20000443	20000443	20000444	20000444	0
460	2	60	1120020	20109	9086	20000432	20000432	20000437	20000437	1
501	3	1	1120020	20109	10	20000443	20000443	20000445	20000445	0
502	3	2	1120020	20109	24	20000443	20000443	20000444	20000444	0
503	3	3	1120020	20109	42	20000443	20000443	20000444	20000444	0
504	3	4	1120020	20109	64	20000443	20000443	20000444	20000444	0
505	3	5	1120020	20109	90	20000431	20000431	20000433	20000433	1
506	3	6	1120020	20109	120	20000443	20000443	20000444	20000444	0
507	3	7	1120020	20109	154	20000443	20000443	20000444	20000444	0
508	3	8	1120020	20109	192	20000443	20000443	20000444	20000444	0
509	3	9	1120020	20109	234	20000443	20000443	20000444	20000444	0
510	3	10	1120020	20109	280	20000431	20000431	20000433	20000433	1
511	3	11	1120020	20109	330	20000443	20000443	20000444	20000444	0
512	3	12	1120020	20109	384	20000443	20000443	20000444	20000444	0
513	3	13	1120020	20109	442	20000443	20000443	20000444	20000444	0
514	3	14	1120020	20109	504	20000443	20000443	20000444	20000444	0
515	3	15	1120020	20109	570	20000431	20000431	20000433	20000433	1
516	3	16	1120020	20109	640	20000443	20000443	20000444	20000444	0
517	3	17	1120020	20109	714	20000443	20000443	20000444	20000444	0
518	3	18	1120020	20109	792	20000443	20000443	20000444	20000444	0
519	3	19	1120020	20109	874	20000443	20000443	20000444	20000444	0
520	3	20	1120020	20109	960	20000431	20000431	20000434	20000434	1
521	3	21	1120020	20109	1050	20000443	20000443	20000444	20000444	0
522	3	22	1120020	20109	1144	20000443	20000443	20000444	20000444	0
523	3	23	1120020	20109	1242	20000443	20000443	20000444	20000444	0
524	3	24	1120020	20109	1346	20000443	20000443	20000444	20000444	0
525	3	25	1120020	20109	1456	20000431	20000431	20000434	20000434	1
526	3	26	1120020	20109	1572	20000443	20000443	20000444	20000444	0
527	3	27	1120020	20109	1694	20000443	20000443	20000444	20000444	0
528	3	28	1120020	20109	1822	20000443	20000443	20000444	20000444	0
529	3	29	1120020	20109	1956	20000443	20000443	20000444	20000444	0
530	3	30	1120020	20109	2096	20000431	20000431	20000434	20000434	1
531	3	31	1120020	20109	2242	20000443	20000443	20000444	20000444	0
532	3	32	1120020	20109	2394	20000443	20000443	20000444	20000444	0
533	3	33	1120020	20109	2552	20000443	20000443	20000444	20000444	0
534	3	34	1120020	20109	2716	20000443	20000443	20000444	20000444	0
535	3	35	1120020	20109	2886	20000432	20000432	20000436	20000436	1
536	3	36	1120020	20109	3062	20000443	20000443	20000444	20000444	0
537	3	37	1120020	20109	3244	20000443	20000443	20000444	20000444	0
538	3	38	1120020	20109	3432	20000443	20000443	20000444	20000444	0
539	3	39	1120020	20109	3626	20000443	20000443	20000444	20000444	0
540	3	40	1120020	20109	3826	20000432	20000432	20000435	20000435	1
541	3	41	1120020	20109	4032	20000443	20000443	20000444	20000444	0
542	3	42	1120020	20109	4244	20000443	20000443	20000444	20000444	0
543	3	43	1120020	20109	4462	20000443	20000443	20000444	20000444	0
544	3	44	1120020	20109	4686	20000443	20000443	20000444	20000444	0
545	3	45	1120020	20109	4916	20000432	20000432	20000437	20000437	1
546	3	46	1120020	20109	5152	20000443	20000443	20000444	20000444	0
547	3	47	1120020	20109	5394	20000443	20000443	20000444	20000444	0
548	3	48	1120020	20109	5642	20000443	20000443	20000444	20000444	0
549	3	49	1120020	20109	5896	20000443	20000443	20000444	20000444	0
550	3	50	1120020	20109	6156	20000432	20000432	20000437	20000437	1
551	3	51	1120020	20109	6422	20000443	20000443	20000444	20000444	0
552	3	52	1120020	20109	6694	20000443	20000443	20000444	20000444	0
553	3	53	1120020	20109	6972	20000443	20000443	20000444	20000444	0
554	3	54	1120020	20109	7256	20000443	20000443	20000444	20000444	0
555	3	55	1120020	20109	7546	20000432	20000432	20000437	20000437	1
556	3	56	1120020	20109	7842	20000443	20000443	20000444	20000444	0
557	3	57	1120020	20109	8144	20000443	20000443	20000444	20000444	0
558	3	58	1120020	20109	8452	20000443	20000443	20000444	20000444	0
559	3	59	1120020	20109	8766	20000443	20000443	20000444	20000444	0
560	3	60	1120020	20109	9086	20000432	20000432	20000437	20000437	1
601	4	1	1120020	20109	10	20000443	20000443	20000445	20000445	0
602	4	2	1120020	20109	24	20000443	20000443	20000444	20000444	0
603	4	3	1120020	20109	42	20000443	20000443	20000444	20000444	0
604	4	4	1120020	20109	64	20000443	20000443	20000444	20000444	0
605	4	5	1120020	20109	90	20000431	20000431	20000433	20000433	1
606	4	6	1120020	20109	120	20000443	20000443	20000444	20000444	0
607	4	7	1120020	20109	154	20000443	20000443	20000444	20000444	0
608	4	8	1120020	20109	192	20000443	20000443	20000444	20000444	0
609	4	9	1120020	20109	234	20000443	20000443	20000444	20000444	0
610	4	10	1120020	20109	280	20000431	20000431	20000433	20000433	1
611	4	11	1120020	20109	330	20000443	20000443	20000444	20000444	0
612	4	12	1120020	20109	384	20000443	20000443	20000444	20000444	0
613	4	13	1120020	20109	442	20000443	20000443	20000444	20000444	0
614	4	14	1120020	20109	504	20000443	20000443	20000444	20000444	0
615	4	15	1120020	20109	570	20000431	20000431	20000433	20000433	1
616	4	16	1120020	20109	640	20000443	20000443	20000444	20000444	0
617	4	17	1120020	20109	714	20000443	20000443	20000444	20000444	0
618	4	18	1120020	20109	792	20000443	20000443	20000444	20000444	0
619	4	19	1120020	20109	874	20000443	20000443	20000444	20000444	0
620	4	20	1120020	20109	960	20000431	20000431	20000434	20000434	1
621	4	21	1120020	20109	1050	20000443	20000443	20000444	20000444	0
622	4	22	1120020	20109	1144	20000443	20000443	20000444	20000444	0
623	4	23	1120020	20109	1242	20000443	20000443	20000444	20000444	0
624	4	24	1120020	20109	1346	20000443	20000443	20000444	20000444	0
625	4	25	1120020	20109	1456	20000431	20000431	20000434	20000434	1
626	4	26	1120020	20109	1572	20000443	20000443	20000444	20000444	0
627	4	27	1120020	20109	1694	20000443	20000443	20000444	20000444	0
628	4	28	1120020	20109	1822	20000443	20000443	20000444	20000444	0
629	4	29	1120020	20109	1956	20000443	20000443	20000444	20000444	0
630	4	30	1120020	20109	2096	20000431	20000431	20000434	20000434	1
631	4	31	1120020	20109	2242	20000443	20000443	20000444	20000444	0
632	4	32	1120020	20109	2394	20000443	20000443	20000444	20000444	0
633	4	33	1120020	20109	2552	20000443	20000443	20000444	20000444	0
634	4	34	1120020	20109	2716	20000443	20000443	20000444	20000444	0
635	4	35	1120020	20109	2886	20000432	20000432	20000436	20000436	1
636	4	36	1120020	20109	3062	20000443	20000443	20000444	20000444	0
637	4	37	1120020	20109	3244	20000443	20000443	20000444	20000444	0
638	4	38	1120020	20109	3432	20000443	20000443	20000444	20000444	0
639	4	39	1120020	20109	3626	20000443	20000443	20000444	20000444	0
640	4	40	1120020	20109	3826	20000432	20000432	20000435	20000435	1
641	4	41	1120020	20109	4032	20000443	20000443	20000444	20000444	0
642	4	42	1120020	20109	4244	20000443	20000443	20000444	20000444	0
643	4	43	1120020	20109	4462	20000443	20000443	20000444	20000444	0
644	4	44	1120020	20109	4686	20000443	20000443	20000444	20000444	0
645	4	45	1120020	20109	4916	20000432	20000432	20000437	20000437	1
646	4	46	1120020	20109	5152	20000443	20000443	20000444	20000444	0
647	4	47	1120020	20109	5394	20000443	20000443	20000444	20000444	0
648	4	48	1120020	20109	5642	20000443	20000443	20000444	20000444	0
649	4	49	1120020	20109	5896	20000443	20000443	20000444	20000444	0
650	4	50	1120020	20109	6156	20000432	20000432	20000437	20000437	1
651	4	51	1120020	20109	6422	20000443	20000443	20000444	20000444	0
652	4	52	1120020	20109	6694	20000443	20000443	20000444	20000444	0
653	4	53	1120020	20109	6972	20000443	20000443	20000444	20000444	0
654	4	54	1120020	20109	7256	20000443	20000443	20000444	20000444	0
655	4	55	1120020	20109	7546	20000432	20000432	20000437	20000437	1
656	4	56	1120020	20109	7842	20000443	20000443	20000444	20000444	0
657	4	57	1120020	20109	8144	20000443	20000443	20000444	20000444	0
658	4	58	1120020	20109	8452	20000443	20000443	20000444	20000444	0
659	4	59	1120020	20109	8766	20000443	20000443	20000444	20000444	0
660	4	60	1120020	20109	9086	20000432	20000432	20000437	20000437	1
701	5	1	1120020	20109	10	20000443	20000443	20000445	20000445	0
702	5	2	1120020	20109	24	20000443	20000443	20000444	20000444	0
703	5	3	1120020	20109	42	20000443	20000443	20000444	20000444	0
704	5	4	1120020	20109	64	20000443	20000443	20000444	20000444	0
705	5	5	1120020	20109	90	20000431	20000431	20000433	20000433	1
706	5	6	1120020	20109	120	20000443	20000443	20000444	20000444	0
707	5	7	1120020	20109	154	20000443	20000443	20000444	20000444	0
708	5	8	1120020	20109	192	20000443	20000443	20000444	20000444	0
709	5	9	1120020	20109	234	20000443	20000443	20000444	20000444	0
710	5	10	1120020	20109	280	20000431	20000431	20000433	20000433	1
711	5	11	1120020	20109	330	20000443	20000443	20000444	20000444	0
712	5	12	1120020	20109	384	20000443	20000443	20000444	20000444	0
713	5	13	1120020	20109	442	20000443	20000443	20000444	20000444	0
714	5	14	1120020	20109	504	20000443	20000443	20000444	20000444	0
715	5	15	1120020	20109	570	20000431	20000431	20000433	20000433	1
716	5	16	1120020	20109	640	20000443	20000443	20000444	20000444	0
717	5	17	1120020	20109	714	20000443	20000443	20000444	20000444	0
718	5	18	1120020	20109	792	20000443	20000443	20000444	20000444	0
719	5	19	1120020	20109	874	20000443	20000443	20000444	20000444	0
720	5	20	1120020	20109	960	20000431	20000431	20000434	20000434	1
721	5	21	1120020	20109	1050	20000443	20000443	20000444	20000444	0
722	5	22	1120020	20109	1144	20000443	20000443	20000444	20000444	0
723	5	23	1120020	20109	1242	20000443	20000443	20000444	20000444	0
724	5	24	1120020	20109	1346	20000443	20000443	20000444	20000444	0
725	5	25	1120020	20109	1456	20000431	20000431	20000434	20000434	1
726	5	26	1120020	20109	1572	20000443	20000443	20000444	20000444	0
727	5	27	1120020	20109	1694	20000443	20000443	20000444	20000444	0
728	5	28	1120020	20109	1822	20000443	20000443	20000444	20000444	0
729	5	29	1120020	20109	1956	20000443	20000443	20000444	20000444	0
730	5	30	1120020	20109	2096	20000431	20000431	20000434	20000434	1
731	5	31	1120020	20109	2242	20000443	20000443	20000444	20000444	0
732	5	32	1120020	20109	2394	20000443	20000443	20000444	20000444	0
733	5	33	1120020	20109	2552	20000443	20000443	20000444	20000444	0
734	5	34	1120020	20109	2716	20000443	20000443	20000444	20000444	0
735	5	35	1120020	20109	2886	20000432	20000432	20000436	20000436	1
736	5	36	1120020	20109	3062	20000443	20000443	20000444	20000444	0
737	5	37	1120020	20109	3244	20000443	20000443	20000444	20000444	0
738	5	38	1120020	20109	3432	20000443	20000443	20000444	20000444	0
739	5	39	1120020	20109	3626	20000443	20000443	20000444	20000444	0
740	5	40	1120020	20109	3826	20000432	20000432	20000435	20000435	1
741	5	41	1120020	20109	4032	20000443	20000443	20000444	20000444	0
742	5	42	1120020	20109	4244	20000443	20000443	20000444	20000444	0
743	5	43	1120020	20109	4462	20000443	20000443	20000444	20000444	0
744	5	44	1120020	20109	4686	20000443	20000443	20000444	20000444	0
745	5	45	1120020	20109	4916	20000432	20000432	20000437	20000437	1
746	5	46	1120020	20109	5152	20000443	20000443	20000444	20000444	0
747	5	47	1120020	20109	5394	20000443	20000443	20000444	20000444	0
748	5	48	1120020	20109	5642	20000443	20000443	20000444	20000444	0
749	5	49	1120020	20109	5896	20000443	20000443	20000444	20000444	0
750	5	50	1120020	20109	6156	20000432	20000432	20000437	20000437	1
751	5	51	1120020	20109	6422	20000443	20000443	20000444	20000444	0
752	5	52	1120020	20109	6694	20000443	20000443	20000444	20000444	0
753	5	53	1120020	20109	6972	20000443	20000443	20000444	20000444	0
754	5	54	1120020	20109	7256	20000443	20000443	20000444	20000444	0
755	5	55	1120020	20109	7546	20000432	20000432	20000437	20000437	1
756	5	56	1120020	20109	7842	20000443	20000443	20000444	20000444	0
757	5	57	1120020	20109	8144	20000443	20000443	20000444	20000444	0
758	5	58	1120020	20109	8452	20000443	20000443	20000444	20000444	0
759	5	59	1120020	20109	8766	20000443	20000443	20000444	20000444	0
760	5	60	1120020	20109	9086	20000432	20000432	20000437	20000437	1
801	6	1	1120020	20109	10	20000443	20000443	20000445	20000445	0
802	6	2	1120020	20109	24	20000443	20000443	20000444	20000444	0
803	6	3	1120020	20109	42	20000443	20000443	20000444	20000444	0
804	6	4	1120020	20109	64	20000443	20000443	20000444	20000444	0
805	6	5	1120020	20109	90	20000431	20000431	20000433	20000433	1
806	6	6	1120020	20109	120	20000443	20000443	20000444	20000444	0
807	6	7	1120020	20109	154	20000443	20000443	20000444	20000444	0
808	6	8	1120020	20109	192	20000443	20000443	20000444	20000444	0
809	6	9	1120020	20109	234	20000443	20000443	20000444	20000444	0
810	6	10	1120020	20109	280	20000431	20000431	20000433	20000433	1
811	6	11	1120020	20109	330	20000443	20000443	20000444	20000444	0
812	6	12	1120020	20109	384	20000443	20000443	20000444	20000444	0
813	6	13	1120020	20109	442	20000443	20000443	20000444	20000444	0
814	6	14	1120020	20109	504	20000443	20000443	20000444	20000444	0
815	6	15	1120020	20109	570	20000431	20000431	20000433	20000433	1
816	6	16	1120020	20109	640	20000443	20000443	20000444	20000444	0
817	6	17	1120020	20109	714	20000443	20000443	20000444	20000444	0
818	6	18	1120020	20109	792	20000443	20000443	20000444	20000444	0
819	6	19	1120020	20109	874	20000443	20000443	20000444	20000444	0
820	6	20	1120020	20109	960	20000431	20000431	20000434	20000434	1
821	6	21	1120020	20109	1050	20000443	20000443	20000444	20000444	0
822	6	22	1120020	20109	1144	20000443	20000443	20000444	20000444	0
823	6	23	1120020	20109	1242	20000443	20000443	20000444	20000444	0
824	6	24	1120020	20109	1346	20000443	20000443	20000444	20000444	0
825	6	25	1120020	20109	1456	20000431	20000431	20000434	20000434	1
826	6	26	1120020	20109	1572	20000443	20000443	20000444	20000444	0
827	6	27	1120020	20109	1694	20000443	20000443	20000444	20000444	0
828	6	28	1120020	20109	1822	20000443	20000443	20000444	20000444	0
829	6	29	1120020	20109	1956	20000443	20000443	20000444	20000444	0
830	6	30	1120020	20109	2096	20000431	20000431	20000434	20000434	1
831	6	31	1120020	20109	2242	20000443	20000443	20000444	20000444	0
832	6	32	1120020	20109	2394	20000443	20000443	20000444	20000444	0
833	6	33	1120020	20109	2552	20000443	20000443	20000444	20000444	0
834	6	34	1120020	20109	2716	20000443	20000443	20000444	20000444	0
835	6	35	1120020	20109	2886	20000432	20000432	20000436	20000436	1
836	6	36	1120020	20109	3062	20000443	20000443	20000444	20000444	0
837	6	37	1120020	20109	3244	20000443	20000443	20000444	20000444	0
838	6	38	1120020	20109	3432	20000443	20000443	20000444	20000444	0
839	6	39	1120020	20109	3626	20000443	20000443	20000444	20000444	0
840	6	40	1120020	20109	3826	20000432	20000432	20000435	20000435	1
841	6	41	1120020	20109	4032	20000443	20000443	20000444	20000444	0
842	6	42	1120020	20109	4244	20000443	20000443	20000444	20000444	0
843	6	43	1120020	20109	4462	20000443	20000443	20000444	20000444	0
844	6	44	1120020	20109	4686	20000443	20000443	20000444	20000444	0
845	6	45	1120020	20109	4916	20000432	20000432	20000437	20000437	1
846	6	46	1120020	20109	5152	20000443	20000443	20000444	20000444	0
847	6	47	1120020	20109	5394	20000443	20000443	20000444	20000444	0
848	6	48	1120020	20109	5642	20000443	20000443	20000444	20000444	0
849	6	49	1120020	20109	5896	20000443	20000443	20000444	20000444	0
850	6	50	1120020	20109	6156	20000432	20000432	20000437	20000437	1
851	6	51	1120020	20109	6422	20000443	20000443	20000444	20000444	0
852	6	52	1120020	20109	6694	20000443	20000443	20000444	20000444	0
853	6	53	1120020	20109	6972	20000443	20000443	20000444	20000444	0
854	6	54	1120020	20109	7256	20000443	20000443	20000444	20000444	0
855	6	55	1120020	20109	7546	20000432	20000432	20000437	20000437	1
856	6	56	1120020	20109	7842	20000443	20000443	20000444	20000444	0
857	6	57	1120020	20109	8144	20000443	20000443	20000444	20000444	0
858	6	58	1120020	20109	8452	20000443	20000443	20000444	20000444	0
859	6	59	1120020	20109	8766	20000443	20000443	20000444	20000444	0
860	6	60	1120020	20109	9086	20000432	20000432	20000437	20000437	1
901	7	1	1120020	20109	10	20000443	20000443	20000445	20000445	0
902	7	2	1120020	20109	24	20000443	20000443	20000444	20000444	0
903	7	3	1120020	20109	42	20000443	20000443	20000444	20000444	0
904	7	4	1120020	20109	64	20000443	20000443	20000444	20000444	0
905	7	5	1120020	20109	90	20000431	20000431	20000433	20000433	1
906	7	6	1120020	20109	120	20000443	20000443	20000444	20000444	0
907	7	7	1120020	20109	154	20000443	20000443	20000444	20000444	0
908	7	8	1120020	20109	192	20000443	20000443	20000444	20000444	0
909	7	9	1120020	20109	234	20000443	20000443	20000444	20000444	0
910	7	10	1120020	20109	280	20000431	20000431	20000433	20000433	1
911	7	11	1120020	20109	330	20000443	20000443	20000444	20000444	0
912	7	12	1120020	20109	384	20000443	20000443	20000444	20000444	0
913	7	13	1120020	20109	442	20000443	20000443	20000444	20000444	0
914	7	14	1120020	20109	504	20000443	20000443	20000444	20000444	0
915	7	15	1120020	20109	570	20000431	20000431	20000433	20000433	1
916	7	16	1120020	20109	640	20000443	20000443	20000444	20000444	0
917	7	17	1120020	20109	714	20000443	20000443	20000444	20000444	0
918	7	18	1120020	20109	792	20000443	20000443	20000444	20000444	0
919	7	19	1120020	20109	874	20000443	20000443	20000444	20000444	0
920	7	20	1120020	20109	960	20000431	20000431	20000434	20000434	1
921	7	21	1120020	20109	1050	20000443	20000443	20000444	20000444	0
922	7	22	1120020	20109	1144	20000443	20000443	20000444	20000444	0
923	7	23	1120020	20109	1242	20000443	20000443	20000444	20000444	0
924	7	24	1120020	20109	1346	20000443	20000443	20000444	20000444	0
925	7	25	1120020	20109	1456	20000431	20000431	20000434	20000434	1
926	7	26	1120020	20109	1572	20000443	20000443	20000444	20000444	0
927	7	27	1120020	20109	1694	20000443	20000443	20000444	20000444	0
928	7	28	1120020	20109	1822	20000443	20000443	20000444	20000444	0
929	7	29	1120020	20109	1956	20000443	20000443	20000444	20000444	0
930	7	30	1120020	20109	2096	20000431	20000431	20000434	20000434	1
931	7	31	1120020	20109	2242	20000443	20000443	20000444	20000444	0
932	7	32	1120020	20109	2394	20000443	20000443	20000444	20000444	0
933	7	33	1120020	20109	2552	20000443	20000443	20000444	20000444	0
934	7	34	1120020	20109	2716	20000443	20000443	20000444	20000444	0
935	7	35	1120020	20109	2886	20000432	20000432	20000436	20000436	1
936	7	36	1120020	20109	3062	20000443	20000443	20000444	20000444	0
937	7	37	1120020	20109	3244	20000443	20000443	20000444	20000444	0
938	7	38	1120020	20109	3432	20000443	20000443	20000444	20000444	0
939	7	39	1120020	20109	3626	20000443	20000443	20000444	20000444	0
940	7	40	1120020	20109	3826	20000432	20000432	20000435	20000435	1
941	7	41	1120020	20109	4032	20000443	20000443	20000444	20000444	0
942	7	42	1120020	20109	4244	20000443	20000443	20000444	20000444	0
943	7	43	1120020	20109	4462	20000443	20000443	20000444	20000444	0
944	7	44	1120020	20109	4686	20000443	20000443	20000444	20000444	0
945	7	45	1120020	20109	4916	20000432	20000432	20000437	20000437	1
946	7	46	1120020	20109	5152	20000443	20000443	20000444	20000444	0
947	7	47	1120020	20109	5394	20000443	20000443	20000444	20000444	0
948	7	48	1120020	20109	5642	20000443	20000443	20000444	20000444	0
949	7	49	1120020	20109	5896	20000443	20000443	20000444	20000444	0
950	7	50	1120020	20109	6156	20000432	20000432	20000437	20000437	1
951	7	51	1120020	20109	6422	20000443	20000443	20000444	20000444	0
952	7	52	1120020	20109	6694	20000443	20000443	20000444	20000444	0
953	7	53	1120020	20109	6972	20000443	20000443	20000444	20000444	0
954	7	54	1120020	20109	7256	20000443	20000443	20000444	20000444	0
955	7	55	1120020	20109	7546	20000432	20000432	20000437	20000437	1
956	7	56	1120020	20109	7842	20000443	20000443	20000444	20000444	0
957	7	57	1120020	20109	8144	20000443	20000443	20000444	20000444	0
958	7	58	1120020	20109	8452	20000443	20000443	20000444	20000444	0
959	7	59	1120020	20109	8766	20000443	20000443	20000444	20000444	0
960	7	60	1120020	20109	9086	20000432	20000432	20000437	20000437	1
1001	8	1	1120020	20109	10	20000443	20000443	20000445	20000445	0
1002	8	2	1120020	20109	24	20000443	20000443	20000444	20000444	0
1003	8	3	1120020	20109	42	20000443	20000443	20000444	20000444	0
1004	8	4	1120020	20109	64	20000443	20000443	20000444	20000444	0
1005	8	5	1120020	20109	90	20000431	20000431	20000433	20000433	1
1006	8	6	1120020	20109	120	20000443	20000443	20000444	20000444	0
1007	8	7	1120020	20109	154	20000443	20000443	20000444	20000444	0
1008	8	8	1120020	20109	192	20000443	20000443	20000444	20000444	0
1009	8	9	1120020	20109	234	20000443	20000443	20000444	20000444	0
1010	8	10	1120020	20109	280	20000431	20000431	20000433	20000433	1
1011	8	11	1120020	20109	330	20000443	20000443	20000444	20000444	0
1012	8	12	1120020	20109	384	20000443	20000443	20000444	20000444	0
1013	8	13	1120020	20109	442	20000443	20000443	20000444	20000444	0
1014	8	14	1120020	20109	504	20000443	20000443	20000444	20000444	0
1015	8	15	1120020	20109	570	20000431	20000431	20000433	20000433	1
1016	8	16	1120020	20109	640	20000443	20000443	20000444	20000444	0
1017	8	17	1120020	20109	714	20000443	20000443	20000444	20000444	0
1018	8	18	1120020	20109	792	20000443	20000443	20000444	20000444	0
1019	8	19	1120020	20109	874	20000443	20000443	20000444	20000444	0
1020	8	20	1120020	20109	960	20000431	20000431	20000434	20000434	1
1021	8	21	1120020	20109	1050	20000443	20000443	20000444	20000444	0
1022	8	22	1120020	20109	1144	20000443	20000443	20000444	20000444	0
1023	8	23	1120020	20109	1242	20000443	20000443	20000444	20000444	0
1024	8	24	1120020	20109	1346	20000443	20000443	20000444	20000444	0
1025	8	25	1120020	20109	1456	20000431	20000431	20000434	20000434	1
1026	8	26	1120020	20109	1572	20000443	20000443	20000444	20000444	0
1027	8	27	1120020	20109	1694	20000443	20000443	20000444	20000444	0
1028	8	28	1120020	20109	1822	20000443	20000443	20000444	20000444	0
1029	8	29	1120020	20109	1956	20000443	20000443	20000444	20000444	0
1030	8	30	1120020	20109	2096	20000431	20000431	20000434	20000434	1
1031	8	31	1120020	20109	2242	20000443	20000443	20000444	20000444	0
1032	8	32	1120020	20109	2394	20000443	20000443	20000444	20000444	0
1033	8	33	1120020	20109	2552	20000443	20000443	20000444	20000444	0
1034	8	34	1120020	20109	2716	20000443	20000443	20000444	20000444	0
1035	8	35	1120020	20109	2886	20000432	20000432	20000436	20000436	1
1036	8	36	1120020	20109	3062	20000443	20000443	20000444	20000444	0
1037	8	37	1120020	20109	3244	20000443	20000443	20000444	20000444	0
1038	8	38	1120020	20109	3432	20000443	20000443	20000444	20000444	0
1039	8	39	1120020	20109	3626	20000443	20000443	20000444	20000444	0
1040	8	40	1120020	20109	3826	20000432	20000432	20000435	20000435	1
1041	8	41	1120020	20109	4032	20000443	20000443	20000444	20000444	0
1042	8	42	1120020	20109	4244	20000443	20000443	20000444	20000444	0
1043	8	43	1120020	20109	4462	20000443	20000443	20000444	20000444	0
1044	8	44	1120020	20109	4686	20000443	20000443	20000444	20000444	0
1045	8	45	1120020	20109	4916	20000432	20000432	20000437	20000437	1
1046	8	46	1120020	20109	5152	20000443	20000443	20000444	20000444	0
1047	8	47	1120020	20109	5394	20000443	20000443	20000444	20000444	0
1048	8	48	1120020	20109	5642	20000443	20000443	20000444	20000444	0
1049	8	49	1120020	20109	5896	20000443	20000443	20000444	20000444	0
1050	8	50	1120020	20109	6156	20000432	20000432	20000437	20000437	1
1051	8	51	1120020	20109	6422	20000443	20000443	20000444	20000444	0
1052	8	52	1120020	20109	6694	20000443	20000443	20000444	20000444	0
1053	8	53	1120020	20109	6972	20000443	20000443	20000444	20000444	0
1054	8	54	1120020	20109	7256	20000443	20000443	20000444	20000444	0
1055	8	55	1120020	20109	7546	20000432	20000432	20000437	20000437	1
1056	8	56	1120020	20109	7842	20000443	20000443	20000444	20000444	0
1057	8	57	1120020	20109	8144	20000443	20000443	20000444	20000444	0
1058	8	58	1120020	20109	8452	20000443	20000443	20000444	20000444	0
1059	8	59	1120020	20109	8766	20000443	20000443	20000444	20000444	0
1060	8	60	1120020	20109	9086	20000432	20000432	20000437	20000437	1
1101	9	1	1120020	20109	10	20000443	20000443	20000445	20000445	0
1102	9	2	1120020	20109	24	20000443	20000443	20000444	20000444	0
1103	9	3	1120020	20109	42	20000443	20000443	20000444	20000444	0
1104	9	4	1120020	20109	64	20000443	20000443	20000444	20000444	0
1105	9	5	1120020	20109	90	20000431	20000431	20000433	20000433	1
1106	9	6	1120020	20109	120	20000443	20000443	20000444	20000444	0
1107	9	7	1120020	20109	154	20000443	20000443	20000444	20000444	0
1108	9	8	1120020	20109	192	20000443	20000443	20000444	20000444	0
1109	9	9	1120020	20109	234	20000443	20000443	20000444	20000444	0
1110	9	10	1120020	20109	280	20000431	20000431	20000433	20000433	1
1111	9	11	1120020	20109	330	20000443	20000443	20000444	20000444	0
1112	9	12	1120020	20109	384	20000443	20000443	20000444	20000444	0
1113	9	13	1120020	20109	442	20000443	20000443	20000444	20000444	0
1114	9	14	1120020	20109	504	20000443	20000443	20000444	20000444	0
1115	9	15	1120020	20109	570	20000431	20000431	20000433	20000433	1
1116	9	16	1120020	20109	640	20000443	20000443	20000444	20000444	0
1117	9	17	1120020	20109	714	20000443	20000443	20000444	20000444	0
1118	9	18	1120020	20109	792	20000443	20000443	20000444	20000444	0
1119	9	19	1120020	20109	874	20000443	20000443	20000444	20000444	0
1120	9	20	1120020	20109	960	20000431	20000431	20000434	20000434	1
1121	9	21	1120020	20109	1050	20000443	20000443	20000444	20000444	0
1122	9	22	1120020	20109	1144	20000443	20000443	20000444	20000444	0
1123	9	23	1120020	20109	1242	20000443	20000443	20000444	20000444	0
1124	9	24	1120020	20109	1346	20000443	20000443	20000444	20000444	0
1125	9	25	1120020	20109	1456	20000431	20000431	20000434	20000434	1
1126	9	26	1120020	20109	1572	20000443	20000443	20000444	20000444	0
1127	9	27	1120020	20109	1694	20000443	20000443	20000444	20000444	0
1128	9	28	1120020	20109	1822	20000443	20000443	20000444	20000444	0
1129	9	29	1120020	20109	1956	20000443	20000443	20000444	20000444	0
1130	9	30	1120020	20109	2096	20000431	20000431	20000434	20000434	1
1131	9	31	1120020	20109	2242	20000443	20000443	20000444	20000444	0
1132	9	32	1120020	20109	2394	20000443	20000443	20000444	20000444	0
1133	9	33	1120020	20109	2552	20000443	20000443	20000444	20000444	0
1134	9	34	1120020	20109	2716	20000443	20000443	20000444	20000444	0
1135	9	35	1120020	20109	2886	20000432	20000432	20000436	20000436	1
1136	9	36	1120020	20109	3062	20000443	20000443	20000444	20000444	0
1137	9	37	1120020	20109	3244	20000443	20000443	20000444	20000444	0
1138	9	38	1120020	20109	3432	20000443	20000443	20000444	20000444	0
1139	9	39	1120020	20109	3626	20000443	20000443	20000444	20000444	0
1140	9	40	1120020	20109	3826	20000432	20000432	20000435	20000435	1
1141	9	41	1120020	20109	4032	20000443	20000443	20000444	20000444	0
1142	9	42	1120020	20109	4244	20000443	20000443	20000444	20000444	0
1143	9	43	1120020	20109	4462	20000443	20000443	20000444	20000444	0
1144	9	44	1120020	20109	4686	20000443	20000443	20000444	20000444	0
1145	9	45	1120020	20109	4916	20000432	20000432	20000437	20000437	1
1146	9	46	1120020	20109	5152	20000443	20000443	20000444	20000444	0
1147	9	47	1120020	20109	5394	20000443	20000443	20000444	20000444	0
1148	9	48	1120020	20109	5642	20000443	20000443	20000444	20000444	0
1149	9	49	1120020	20109	5896	20000443	20000443	20000444	20000444	0
1150	9	50	1120020	20109	6156	20000432	20000432	20000437	20000437	1
1151	9	51	1120020	20109	6422	20000443	20000443	20000444	20000444	0
1152	9	52	1120020	20109	6694	20000443	20000443	20000444	20000444	0
1153	9	53	1120020	20109	6972	20000443	20000443	20000444	20000444	0
1154	9	54	1120020	20109	7256	20000443	20000443	20000444	20000444	0
1155	9	55	1120020	20109	7546	20000432	20000432	20000437	20000437	1
1156	9	56	1120020	20109	7842	20000443	20000443	20000444	20000444	0
1157	9	57	1120020	20109	8144	20000443	20000443	20000444	20000444	0
1158	9	58	1120020	20109	8452	20000443	20000443	20000444	20000444	0
1159	9	59	1120020	20109	8766	20000443	20000443	20000444	20000444	0
1160	9	60	1120020	20109	9086	20000432	20000432	20000437	20000437	1
1201	10	1	1120020	20109	10	20000443	20000443	20000445	20000445	0
1202	10	2	1120020	20109	24	20000443	20000443	20000444	20000444	0
1203	10	3	1120020	20109	42	20000443	20000443	20000444	20000444	0
1204	10	4	1120020	20109	64	20000443	20000443	20000444	20000444	0
1205	10	5	1120020	20109	90	20000431	20000431	20000433	20000433	1
1206	10	6	1120020	20109	120	20000443	20000443	20000444	20000444	0
1207	10	7	1120020	20109	154	20000443	20000443	20000444	20000444	0
1208	10	8	1120020	20109	192	20000443	20000443	20000444	20000444	0
1209	10	9	1120020	20109	234	20000443	20000443	20000444	20000444	0
1210	10	10	1120020	20109	280	20000431	20000431	20000433	20000433	1
1211	10	11	1120020	20109	330	20000443	20000443	20000444	20000444	0
1212	10	12	1120020	20109	384	20000443	20000443	20000444	20000444	0
1213	10	13	1120020	20109	442	20000443	20000443	20000444	20000444	0
1214	10	14	1120020	20109	504	20000443	20000443	20000444	20000444	0
1215	10	15	1120020	20109	570	20000431	20000431	20000433	20000433	1
1216	10	16	1120020	20109	640	20000443	20000443	20000444	20000444	0
1217	10	17	1120020	20109	714	20000443	20000443	20000444	20000444	0
1218	10	18	1120020	20109	792	20000443	20000443	20000444	20000444	0
1219	10	19	1120020	20109	874	20000443	20000443	20000444	20000444	0
1220	10	20	1120020	20109	960	20000431	20000431	20000434	20000434	1
1221	10	21	1120020	20109	1050	20000443	20000443	20000444	20000444	0
1222	10	22	1120020	20109	1144	20000443	20000443	20000444	20000444	0
1223	10	23	1120020	20109	1242	20000443	20000443	20000444	20000444	0
1224	10	24	1120020	20109	1346	20000443	20000443	20000444	20000444	0
1225	10	25	1120020	20109	1456	20000431	20000431	20000434	20000434	1
1226	10	26	1120020	20109	1572	20000443	20000443	20000444	20000444	0
1227	10	27	1120020	20109	1694	20000443	20000443	20000444	20000444	0
1228	10	28	1120020	20109	1822	20000443	20000443	20000444	20000444	0
1229	10	29	1120020	20109	1956	20000443	20000443	20000444	20000444	0
1230	10	30	1120020	20109	2096	20000431	20000431	20000434	20000434	1
1231	10	31	1120020	20109	2242	20000443	20000443	20000444	20000444	0
1232	10	32	1120020	20109	2394	20000443	20000443	20000444	20000444	0
1233	10	33	1120020	20109	2552	20000443	20000443	20000444	20000444	0
1234	10	34	1120020	20109	2716	20000443	20000443	20000444	20000444	0
1235	10	35	1120020	20109	2886	20000432	20000432	20000436	20000436	1
1236	10	36	1120020	20109	3062	20000443	20000443	20000444	20000444	0
1237	10	37	1120020	20109	3244	20000443	20000443	20000444	20000444	0
1238	10	38	1120020	20109	3432	20000443	20000443	20000444	20000444	0
1239	10	39	1120020	20109	3626	20000443	20000443	20000444	20000444	0
1240	10	40	1120020	20109	3826	20000432	20000432	20000435	20000435	1
1241	10	41	1120020	20109	4032	20000443	20000443	20000444	20000444	0
1242	10	42	1120020	20109	4244	20000443	20000443	20000444	20000444	0
1243	10	43	1120020	20109	4462	20000443	20000443	20000444	20000444	0
1244	10	44	1120020	20109	4686	20000443	20000443	20000444	20000444	0
1245	10	45	1120020	20109	4916	20000432	20000432	20000437	20000437	1
1246	10	46	1120020	20109	5152	20000443	20000443	20000444	20000444	0
1247	10	47	1120020	20109	5394	20000443	20000443	20000444	20000444	0
1248	10	48	1120020	20109	5642	20000443	20000443	20000444	20000444	0
1249	10	49	1120020	20109	5896	20000443	20000443	20000444	20000444	0
1250	10	50	1120020	20109	6156	20000432	20000432	20000437	20000437	1
1251	10	51	1120020	20109	6422	20000443	20000443	20000444	20000444	0
1252	10	52	1120020	20109	6694	20000443	20000443	20000444	20000444	0
1253	10	53	1120020	20109	6972	20000443	20000443	20000444	20000444	0
1254	10	54	1120020	20109	7256	20000443	20000443	20000444	20000444	0
1255	10	55	1120020	20109	7546	20000432	20000432	20000437	20000437	1
1256	10	56	1120020	20109	7842	20000443	20000443	20000444	20000444	0
1257	10	57	1120020	20109	8144	20000443	20000443	20000444	20000444	0
1258	10	58	1120020	20109	8452	20000443	20000443	20000444	20000444	0
1259	10	59	1120020	20109	8766	20000443	20000443	20000444	20000444	0
1260	10	60	1120020	20109	9086	20000432	20000432	20000437	20000437	1
