id	scheDuling	questId	missinType	minLevel	maxLevel	name	point	redirectionId	goundId	weights	
1	100	1500	1	1	80	通关模拟训练10次	20	17	1	10
2	100	1501	1	1	80	通关英雄试炼10次	20	18	2	11
3	100	1502	1	1	80	料理5次	20	64	3	12
4	100	1503	1	1	80	消耗10张特别招募券	20	52	4	13
5	100	1504	1	1	80	在普通商店购买10次物品	20	68	5	14
6	100	1505	1	1	80	购买3次钞票	20	26	6	15
7	100	1506	1	1	80	消耗180体力	20	12	7	16
8	100	1507	1	1	80	武道大会挑战5次	20	19	8	17	日任务	通关模拟训练	10	12	15	17	20	次	模拟训练
9	100	1508	1	1	80	领取180分钟治安委派奖励	20	15	9	18	通关英雄试炼	10	12	15	17	20	次	英雄试炼
10	100	2500	2	1	80	武道大会胜利35次	100	19	10	19	料理	5	6	7	8	10	次	料理
11	100	2501	2	1	80	消耗200钻石	100	25	11	20	消耗	10	12	15	17	20	张招募券	招募
12	100	2502	2	1	80	进行10次小游戏	100	28	12	21	在普通商店购买	10	12	15	17	20	次物品	超市购买
13	100	2503	2	1	80	完成30次社团任务	100	80	13	22	通关模拟训练10次	购买	3	3	4	5	6	次钞票	购买钞票
14	100	2504	2	1	80	使用埼玉卡35次数	100	18	14	23	通关英雄试炼10次	消耗	180	225	270	315	360	体力	消耗体力
15	100	1600	1	1	80	通关模拟训练12次	25	17	1	24	强者之梦通关1次	武道大会挑战	5	6	7	8	10	次	武道大会
16	100	1601	1	1	80	通关英雄试炼12次	25	18	2	25	道馆演武挑战18次	领取	180	225	270	315	360	分钟治安委派奖励
17	100	1602	1	1	80	料理6次	25	64	3	26	料理20次	周任务	武道大会胜利	35	43	52	61	70	次
18	100	1603	1	1	80	消耗12张特别招募券	25	52	4	27	消耗招募券	消耗	200	250	300	350	400	钻石
19	100	1604	1	1	80	在普通商店购买12次物品	25	68	5	28	武道大会挑战3次	进行	10	12	15	17	20	次小游戏
20	100	1605	1	1	80	购买3次钞票	25	26	6	29	购买3次钞票	完成	30	32	34	38	42	次社团任务
21	100	1606	1	1	80	消耗225体力	25	12	7	30	消耗300体力	使用埼玉卡	35	40	45	50	55	次数
22	100	1607	1	1	80	武道大会挑战6次	25	19	8	31	商店购买物品
23	100	1608	1	1	80	领取225分钟治安委派奖励	25	15	9	32	源核强化次数
24	100	2600	2	1	80	武道大会胜利43次	105	19	10	33	小游戏次数
25	100	2601	2	1	80	消耗250钻石	105	25	11	34	获得源核构件
26	100	2602	2	1	80	进行12次小游戏	105	28	12	35	社团捐献	跳转	任务内容
27	100	2603	2	1	80	完成32次社团任务	105	80	13	36	占卜1次	通关模拟训练10次	通关模拟训练12次	通关模拟训练15次	通关模拟训练17次	通关模拟训练20次	17	201	503	0	250
28	100	2604	2	1	80	使用埼玉卡40次数	105	18	14	37	消耗钻石	通关英雄试炼10次	通关英雄试炼12次	通关英雄试炼15次	通关英雄试炼17次	通关英雄试炼20次	18	201	502	0	1
29	100	1700	1	1	80	通关模拟训练15次	30	17	1	38	领取指定时间的治安委派奖励	料理5次	料理6次	料理7次	料理8次	料理10次	64	108	0	0	100
30	100	1701	1	1	80	通关英雄试炼15次	30	18	2	39	购买体力	消耗10张招募券	消耗12张招募券	消耗15张招募券	消耗17张招募券	消耗20张招募券	52	102	1120018	0	30
31	100	1702	1	1	80	料理7次	30	64	3	40	使用埼玉卡次数	在普通商店购买10次物品	在普通商店购买12次物品	在普通商店购买15次物品	在普通商店购买17次物品	在普通商店购买20次物品	68	106	301	0	1
32	100	1703	1	1	80	消耗15张特别招募券	30	52	4	41	无人区探索	购买3次钞票	购买3次钞票	购买4次钞票	购买5次钞票	购买6次钞票	26	106	9902	0	1
33	100	1704	1	1	80	在普通商店购买15次物品	30	68	5	42	武道大会胜利	周任务	消耗180体力	消耗225体力	消耗270体力	消耗315体力	消耗360体力	12	102	1120006	0	60
34	100	1705	1	1	80	购买4次钞票	30	26	6	43	新竞技场	武道大会挑战5次	武道大会挑战6次	武道大会挑战7次	武道大会挑战8次	武道大会挑战10次	19	211	0	0	1
35	100	1706	1	1	80	消耗270体力	30	12	7	44	领取180分钟治安委派奖励	领取225分钟治安委派奖励	领取270分钟治安委派奖励	领取315分钟治安委派奖励	领取360分钟治安委派奖励	15	163	0	0	1440
36	100	1707	1	1	80	武道大会挑战7次	30	19	8	45	武道大会胜利35次	武道大会胜利43次	武道大会胜利52次	武道大会胜利61次	武道大会胜利70次	19	211	1	0	10
37	100	1708	1	1	80	领取270分钟治安委派奖励	30	15	9	46	消耗200钻石	消耗250钻石	消耗300钻石	消耗350钻石	消耗400钻石	25	102	1120005	0	200
38	100	2700	2	1	80	武道大会胜利52次	110	19	10	47	进行10次小游戏	进行12次小游戏	进行15次小游戏	进行17次小游戏	进行20次小游戏	28	109	0	0	10
39	100	2701	2	1	80	消耗300钻石	110	25	11	48	每日锻炼1次	日常	完成30次社团任务	完成32次社团任务	完成34次社团任务	完成38次社团任务	完成42次社团任务	80	127	0	0	30
40	100	2702	2	1	80	进行15次小游戏	110	28	12	49	完成工厂箱子	使用埼玉卡35次数	使用埼玉卡40次数	使用埼玉卡45次数	使用埼玉卡50次数	使用埼玉卡55次数	44	158	0	0	10
41	100	2703	2	1	80	完成34次社团任务	110	80	13	50	社团任务
42	100	2704	2	1	80	使用埼玉卡45次数	110	18	14	51	领取社团礼包
43	100	1800	1	1	80	通关模拟训练17次	35	17	1	52
44	100	1801	1	1	80	通关英雄试炼17次	35	18	2	53
45	100	1802	1	1	80	料理8次	35	64	3	54	"	
46	100	1803	1	1	80	消耗17张特别招募券	35	52	4	55
47	100	1804	1	1	80	在普通商店购买17次物品	35	68	5	56
48	100	1805	1	1	80	购买5次钞票	35	26	6	57
49	100	1806	1	1	80	消耗315体力	35	12	7	58
50	100	1807	1	1	80	武道大会挑战8次	35	19	8	59
51	100	1808	1	1	80	领取315分钟治安委派奖励	35	15	9	60
52	100	2800	2	1	80	武道大会胜利61次	115	19	10	61
53	100	2801	2	1	80	消耗350钻石	115	25	11	62
54	100	2802	2	1	80	进行17次小游戏	115	28	12	63
55	100	2803	2	1	80	完成38次社团任务	115	80	13	64
56	100	2804	2	1	80	使用埼玉卡50次数	115	18	14	65
57	100	1900	1	1	80	通关模拟训练20次	40	17	1	66
58	100	1901	1	1	80	通关英雄试炼20次	40	18	2	67
59	100	1902	1	1	80	料理10次	40	64	3	68
60	100	1903	1	1	80	消耗20张特别招募券	40	52	4	69
61	100	1904	1	1	80	在普通商店购买20次物品	40	68	5	70
62	100	1905	1	1	80	购买6次钞票	40	26	6	71
63	100	1906	1	1	80	消耗360体力	40	12	7	72
64	100	1907	1	1	80	武道大会挑战10次	40	19	8	73
65	100	1908	1	1	80	领取360分钟治安委派奖励	40	15	9	74
66	100	2900	2	1	80	武道大会胜利70次	120	19	10	75
67	100	2901	2	1	80	消耗400钻石	120	25	11	76
68	100	2902	2	1	80	进行20次小游戏	120	28	12	77
69	100	2903	2	1	80	完成42次社团任务	120	80	13	78
70	100	2904	2	1	80	使用埼玉卡55次数	120	18	14	79
101	11	1500	1	1	80	通关模拟训练10次	20	17	1	10
102	11	1501	1	1	80	通关英雄试炼10次	20	18	2	11
103	11	1502	1	1	80	料理5次	20	64	3	12
104	11	1503	1	1	80	消耗10张招募券	20	52	4	13
105	11	1504	1	1	80	在普通商店购买10次物品	20	68	5	14
106	11	1505	1	1	80	购买3次钞票	20	26	6	15
107	11	1506	1	1	80	消耗180体力	20	12	7	16
108	11	1507	1	1	80	武道大会挑战5次	20	19	8	17
109	11	1508	1	1	80	领取180分钟治安委派奖励	20	15	9	18
110	11	2500	2	1	80	武道大会胜利35次	100	19	10	19
111	11	2501	2	1	80	消耗200钻石	100	25	11	20
112	11	2502	2	1	80	进行10次小游戏	100	28	12	21
113	11	2503	2	1	80	完成30次社团任务	100	80	13	22
114	11	2504	2	1	80	使用埼玉卡35次数	100	18	14	23
115	11	1600	1	1	80	通关模拟训练12次	25	17	1	24
116	11	1601	1	1	80	通关英雄试炼12次	25	18	2	25
117	11	1602	1	1	80	料理6次	25	64	3	26
118	11	1603	1	1	80	消耗12张招募券	25	52	4	27
119	11	1604	1	1	80	在普通商店购买12次物品	25	68	5	28
120	11	1605	1	1	80	购买3次钞票	25	26	6	29
121	11	1606	1	1	80	消耗225体力	25	12	7	30
122	11	1607	1	1	80	武道大会挑战6次	25	19	8	31
123	11	1608	1	1	80	领取225分钟治安委派奖励	25	15	9	32
124	11	2600	2	1	80	武道大会胜利43次	105	19	10	33
125	11	2601	2	1	80	消耗250钻石	105	25	11	34
126	11	2602	2	1	80	进行12次小游戏	105	28	12	35
127	11	2603	2	1	80	完成32次社团任务	105	80	13	36
128	11	2604	2	1	80	使用埼玉卡40次数	105	18	14	37
129	11	1700	1	1	80	通关模拟训练15次	30	17	1	38
130	11	1701	1	1	80	通关英雄试炼15次	30	18	2	39
131	11	1702	1	1	80	料理7次	30	64	3	40
132	11	1703	1	1	80	消耗15张招募券	30	52	4	41
133	11	1704	1	1	80	在普通商店购买15次物品	30	68	5	42
134	11	1705	1	1	80	购买4次钞票	30	26	6	43
135	11	1706	1	1	80	消耗270体力	30	12	7	44
136	11	1707	1	1	80	武道大会挑战7次	30	19	8	45
137	11	1708	1	1	80	领取270分钟治安委派奖励	30	15	9	46
138	11	2700	2	1	80	武道大会胜利52次	110	19	10	47
139	11	2701	2	1	80	消耗300钻石	110	25	11	48
140	11	2702	2	1	80	进行15次小游戏	110	28	12	49
141	11	2703	2	1	80	完成34次社团任务	110	80	13	50
142	11	2704	2	1	80	使用埼玉卡45次数	110	18	14	51
143	11	1800	1	1	80	通关模拟训练17次	35	17	1	52
144	11	1801	1	1	80	通关英雄试炼17次	35	18	2	53
145	11	1802	1	1	80	料理8次	35	64	3	54
146	11	1803	1	1	80	消耗17张招募券	35	52	4	55
147	11	1804	1	1	80	在普通商店购买17次物品	35	68	5	56
148	11	1805	1	1	80	购买5次钞票	35	26	6	57
149	11	1806	1	1	80	消耗315体力	35	12	7	58
150	11	1807	1	1	80	武道大会挑战8次	35	19	8	59
151	11	1808	1	1	80	领取315分钟治安委派奖励	35	15	9	60
152	11	2800	2	1	80	武道大会胜利61次	115	19	10	61
153	11	2801	2	1	80	消耗350钻石	115	25	11	62
154	11	2802	2	1	80	进行17次小游戏	115	28	12	63
155	11	2803	2	1	80	完成38次社团任务	115	80	13	64
156	11	2804	2	1	80	使用埼玉卡50次数	115	18	14	65
157	11	1900	1	1	80	通关模拟训练20次	40	17	1	66
158	11	1901	1	1	80	通关英雄试炼20次	40	18	2	67
159	11	1902	1	1	80	料理10次	40	64	3	68
160	11	1903	1	1	80	消耗20张招募券	40	52	4	69
161	11	1904	1	1	80	在普通商店购买20次物品	40	68	5	70
162	11	1905	1	1	80	购买6次钞票	40	26	6	71
163	11	1906	1	1	80	消耗360体力	40	12	7	72
164	11	1907	1	1	80	武道大会挑战10次	40	19	8	73
165	11	1908	1	1	80	领取360分钟治安委派奖励	40	15	9	74
166	11	2900	2	1	80	武道大会胜利70次	120	19	10	75
167	11	2901	2	1	80	消耗400钻石	120	25	11	76
168	11	2902	2	1	80	进行20次小游戏	120	28	12	77
169	11	2903	2	1	80	完成42次社团任务	120	80	13	78
170	11	2904	2	1	80	使用埼玉卡55次数	120	18	14	79
201	12	1500	1	1	80	通关模拟训练10次	20	17	1	10
202	12	1501	1	1	80	通关英雄试炼10次	20	18	2	11
203	12	1502	1	1	80	料理5次	20	64	3	12
204	12	1503	1	1	80	消耗10张招募券	20	52	4	13
205	12	1504	1	1	80	在普通商店购买10次物品	20	68	5	14
206	12	1505	1	1	80	购买3次钞票	20	26	6	15
207	12	1506	1	1	80	消耗180体力	20	12	7	16
208	12	1507	1	1	80	武道大会挑战5次	20	19	8	17
209	12	1508	1	1	80	领取180分钟治安委派奖励	20	15	9	18
210	12	2500	2	1	80	武道大会胜利35次	100	19	10	19
211	12	2501	2	1	80	消耗200钻石	100	25	11	20
212	12	2502	2	1	80	进行10次小游戏	100	28	12	21
213	12	2503	2	1	80	完成30次社团任务	100	80	13	22
214	12	2504	2	1	80	使用埼玉卡35次数	100	18	14	23
215	12	1600	1	1	80	通关模拟训练12次	25	17	1	24
216	12	1601	1	1	80	通关英雄试炼12次	25	18	2	25
217	12	1602	1	1	80	料理6次	25	64	3	26
218	12	1603	1	1	80	消耗12张招募券	25	52	4	27
219	12	1604	1	1	80	在普通商店购买12次物品	25	68	5	28
220	12	1605	1	1	80	购买3次钞票	25	26	6	29
221	12	1606	1	1	80	消耗225体力	25	12	7	30
222	12	1607	1	1	80	武道大会挑战6次	25	19	8	31
223	12	1608	1	1	80	领取225分钟治安委派奖励	25	15	9	32
224	12	2600	2	1	80	武道大会胜利43次	105	19	10	33
225	12	2601	2	1	80	消耗250钻石	105	25	11	34
226	12	2602	2	1	80	进行12次小游戏	105	28	12	35
227	12	2603	2	1	80	完成32次社团任务	105	80	13	36
228	12	2604	2	1	80	使用埼玉卡40次数	105	18	14	37
229	12	1700	1	1	80	通关模拟训练15次	30	17	1	38
230	12	1701	1	1	80	通关英雄试炼15次	30	18	2	39
231	12	1702	1	1	80	料理7次	30	64	3	40
232	12	1703	1	1	80	消耗15张招募券	30	52	4	41
233	12	1704	1	1	80	在普通商店购买15次物品	30	68	5	42
234	12	1705	1	1	80	购买4次钞票	30	26	6	43
235	12	1706	1	1	80	消耗270体力	30	12	7	44
236	12	1707	1	1	80	武道大会挑战7次	30	19	8	45
237	12	1708	1	1	80	领取270分钟治安委派奖励	30	15	9	46
238	12	2700	2	1	80	武道大会胜利52次	110	19	10	47
239	12	2701	2	1	80	消耗300钻石	110	25	11	48
240	12	2702	2	1	80	进行15次小游戏	110	28	12	49
241	12	2703	2	1	80	完成34次社团任务	110	80	13	50
242	12	2704	2	1	80	使用埼玉卡45次数	110	18	14	51
243	12	1800	1	1	80	通关模拟训练17次	35	17	1	52
244	12	1801	1	1	80	通关英雄试炼17次	35	18	2	53
245	12	1802	1	1	80	料理8次	35	64	3	54
246	12	1803	1	1	80	消耗17张招募券	35	52	4	55
247	12	1804	1	1	80	在普通商店购买17次物品	35	68	5	56
248	12	1805	1	1	80	购买5次钞票	35	26	6	57
249	12	1806	1	1	80	消耗315体力	35	12	7	58
250	12	1807	1	1	80	武道大会挑战8次	35	19	8	59
251	12	1808	1	1	80	领取315分钟治安委派奖励	35	15	9	60
252	12	2800	2	1	80	武道大会胜利61次	115	19	10	61
253	12	2801	2	1	80	消耗350钻石	115	25	11	62
254	12	2802	2	1	80	进行17次小游戏	115	28	12	63
255	12	2803	2	1	80	完成38次社团任务	115	80	13	64
256	12	2804	2	1	80	使用埼玉卡50次数	115	18	14	65
257	12	1900	1	1	80	通关模拟训练20次	40	17	1	66
258	12	1901	1	1	80	通关英雄试炼20次	40	18	2	67
259	12	1902	1	1	80	料理10次	40	64	3	68
260	12	1903	1	1	80	消耗20张招募券	40	52	4	69
261	12	1904	1	1	80	在普通商店购买20次物品	40	68	5	70
262	12	1905	1	1	80	购买6次钞票	40	26	6	71
263	12	1906	1	1	80	消耗360体力	40	12	7	72
264	12	1907	1	1	80	武道大会挑战10次	40	19	8	73
265	12	1908	1	1	80	领取360分钟治安委派奖励	40	15	9	74
266	12	2900	2	1	80	武道大会胜利70次	120	19	10	75
267	12	2901	2	1	80	消耗400钻石	120	25	11	76
268	12	2902	2	1	80	进行20次小游戏	120	28	12	77
269	12	2903	2	1	80	完成42次社团任务	120	80	13	78
270	12	2904	2	1	80	使用埼玉卡55次数	120	18	14	79
301	1	1500	1	1	80	通关模拟训练10次	20	17	1	10
302	1	1501	1	1	80	通关英雄试炼10次	20	18	2	11
303	1	1502	1	1	80	料理5次	20	64	3	12
304	1	1503	1	1	80	消耗10张招募券	20	52	4	13
305	1	1504	1	1	80	在普通商店购买10次物品	20	68	5	14
306	1	1505	1	1	80	购买3次钞票	20	26	6	15
307	1	1506	1	1	80	消耗180体力	20	12	7	16
308	1	1507	1	1	80	武道大会挑战5次	20	19	8	17
309	1	1508	1	1	80	领取180分钟治安委派奖励	20	15	9	18
310	1	2500	2	1	80	武道大会胜利35次	100	19	10	19
311	1	2501	2	1	80	消耗200钻石	100	25	11	20
312	1	2502	2	1	80	进行10次小游戏	100	28	12	21
313	1	2503	2	1	80	完成30次社团任务	100	80	13	22
314	1	2504	2	1	80	使用埼玉卡35次数	100	18	14	23
315	1	1600	1	1	80	通关模拟训练12次	25	17	1	24
316	1	1601	1	1	80	通关英雄试炼12次	25	18	2	25
317	1	1602	1	1	80	料理6次	25	64	3	26
318	1	1603	1	1	80	消耗12张招募券	25	52	4	27
319	1	1604	1	1	80	在普通商店购买12次物品	25	68	5	28
320	1	1605	1	1	80	购买3次钞票	25	26	6	29
321	1	1606	1	1	80	消耗225体力	25	12	7	30
322	1	1607	1	1	80	武道大会挑战6次	25	19	8	31
323	1	1608	1	1	80	领取225分钟治安委派奖励	25	15	9	32
324	1	2600	2	1	80	武道大会胜利43次	105	19	10	33
325	1	2601	2	1	80	消耗250钻石	105	25	11	34
326	1	2602	2	1	80	进行12次小游戏	105	28	12	35
327	1	2603	2	1	80	完成32次社团任务	105	80	13	36
328	1	2604	2	1	80	使用埼玉卡40次数	105	18	14	37
329	1	1700	1	1	80	通关模拟训练15次	30	17	1	38
330	1	1701	1	1	80	通关英雄试炼15次	30	18	2	39
331	1	1702	1	1	80	料理7次	30	64	3	40
332	1	1703	1	1	80	消耗15张招募券	30	52	4	41
333	1	1704	1	1	80	在普通商店购买15次物品	30	68	5	42
334	1	1705	1	1	80	购买4次钞票	30	26	6	43
335	1	1706	1	1	80	消耗270体力	30	12	7	44
336	1	1707	1	1	80	武道大会挑战7次	30	19	8	45
337	1	1708	1	1	80	领取270分钟治安委派奖励	30	15	9	46
338	1	2700	2	1	80	武道大会胜利52次	110	19	10	47
339	1	2701	2	1	80	消耗300钻石	110	25	11	48
340	1	2702	2	1	80	进行15次小游戏	110	28	12	49
341	1	2703	2	1	80	完成34次社团任务	110	80	13	50
342	1	2704	2	1	80	使用埼玉卡45次数	110	18	14	51
343	1	1800	1	1	80	通关模拟训练17次	35	17	1	52
344	1	1801	1	1	80	通关英雄试炼17次	35	18	2	53
345	1	1802	1	1	80	料理8次	35	64	3	54
346	1	1803	1	1	80	消耗17张招募券	35	52	4	55
347	1	1804	1	1	80	在普通商店购买17次物品	35	68	5	56
348	1	1805	1	1	80	购买5次钞票	35	26	6	57
349	1	1806	1	1	80	消耗315体力	35	12	7	58
350	1	1807	1	1	80	武道大会挑战8次	35	19	8	59
351	1	1808	1	1	80	领取315分钟治安委派奖励	35	15	9	60
352	1	2800	2	1	80	武道大会胜利61次	115	19	10	61
353	1	2801	2	1	80	消耗350钻石	115	25	11	62
354	1	2802	2	1	80	进行17次小游戏	115	28	12	63
355	1	2803	2	1	80	完成38次社团任务	115	80	13	64
356	1	2804	2	1	80	使用埼玉卡50次数	115	18	14	65
357	1	1900	1	1	80	通关模拟训练20次	40	17	1	66
358	1	1901	1	1	80	通关英雄试炼20次	40	18	2	67
359	1	1902	1	1	80	料理10次	40	64	3	68
360	1	1903	1	1	80	消耗20张招募券	40	52	4	69
361	1	1904	1	1	80	在普通商店购买20次物品	40	68	5	70
362	1	1905	1	1	80	购买6次钞票	40	26	6	71
363	1	1906	1	1	80	消耗360体力	40	12	7	72
364	1	1907	1	1	80	武道大会挑战10次	40	19	8	73
365	1	1908	1	1	80	领取360分钟治安委派奖励	40	15	9	74
366	1	2900	2	1	80	武道大会胜利70次	120	19	10	75
367	1	2901	2	1	80	消耗400钻石	120	25	11	76
368	1	2902	2	1	80	进行20次小游戏	120	28	12	77
369	1	2903	2	1	80	完成42次社团任务	120	80	13	78
370	1	2904	2	1	80	使用埼玉卡55次数	120	18	14	79
401	2	1500	1	1	80	通关模拟训练10次	20	17	1	10
402	2	1501	1	1	80	通关英雄试炼10次	20	18	2	11
403	2	1502	1	1	80	料理5次	20	64	3	12
404	2	1503	1	1	80	消耗10张招募券	20	52	4	13
405	2	1504	1	1	80	在普通商店购买10次物品	20	68	5	14
406	2	1505	1	1	80	购买3次钞票	20	26	6	15
407	2	1506	1	1	80	消耗180体力	20	12	7	16
408	2	1507	1	1	80	武道大会挑战5次	20	19	8	17
409	2	1508	1	1	80	领取180分钟治安委派奖励	20	15	9	18
410	2	2500	2	1	80	武道大会胜利35次	100	19	10	19
411	2	2501	2	1	80	消耗200钻石	100	25	11	20
412	2	2502	2	1	80	进行10次小游戏	100	28	12	21
413	2	2503	2	1	80	完成30次社团任务	100	80	13	22
414	2	2504	2	1	80	使用埼玉卡35次数	100	18	14	23
415	2	1600	1	1	80	通关模拟训练12次	25	17	1	24
416	2	1601	1	1	80	通关英雄试炼12次	25	18	2	25
417	2	1602	1	1	80	料理6次	25	64	3	26
418	2	1603	1	1	80	消耗12张招募券	25	52	4	27
419	2	1604	1	1	80	在普通商店购买12次物品	25	68	5	28
420	2	1605	1	1	80	购买3次钞票	25	26	6	29
421	2	1606	1	1	80	消耗225体力	25	12	7	30
422	2	1607	1	1	80	武道大会挑战6次	25	19	8	31
423	2	1608	1	1	80	领取225分钟治安委派奖励	25	15	9	32
424	2	2600	2	1	80	武道大会胜利43次	105	19	10	33
425	2	2601	2	1	80	消耗250钻石	105	25	11	34
426	2	2602	2	1	80	进行12次小游戏	105	28	12	35
427	2	2603	2	1	80	完成32次社团任务	105	80	13	36
428	2	2604	2	1	80	使用埼玉卡40次数	105	18	14	37
429	2	1700	1	1	80	通关模拟训练15次	30	17	1	38
430	2	1701	1	1	80	通关英雄试炼15次	30	18	2	39
431	2	1702	1	1	80	料理7次	30	64	3	40
432	2	1703	1	1	80	消耗15张招募券	30	52	4	41
433	2	1704	1	1	80	在普通商店购买15次物品	30	68	5	42
434	2	1705	1	1	80	购买4次钞票	30	26	6	43
435	2	1706	1	1	80	消耗270体力	30	12	7	44
436	2	1707	1	1	80	武道大会挑战7次	30	19	8	45
437	2	1708	1	1	80	领取270分钟治安委派奖励	30	15	9	46
438	2	2700	2	1	80	武道大会胜利52次	110	19	10	47
439	2	2701	2	1	80	消耗300钻石	110	25	11	48
440	2	2702	2	1	80	进行15次小游戏	110	28	12	49
441	2	2703	2	1	80	完成34次社团任务	110	80	13	50
442	2	2704	2	1	80	使用埼玉卡45次数	110	18	14	51
443	2	1800	1	1	80	通关模拟训练17次	35	17	1	52
444	2	1801	1	1	80	通关英雄试炼17次	35	18	2	53
445	2	1802	1	1	80	料理8次	35	64	3	54
446	2	1803	1	1	80	消耗17张招募券	35	52	4	55
447	2	1804	1	1	80	在普通商店购买17次物品	35	68	5	56
448	2	1805	1	1	80	购买5次钞票	35	26	6	57
449	2	1806	1	1	80	消耗315体力	35	12	7	58
450	2	1807	1	1	80	武道大会挑战8次	35	19	8	59
451	2	1808	1	1	80	领取315分钟治安委派奖励	35	15	9	60
452	2	2800	2	1	80	武道大会胜利61次	115	19	10	61
453	2	2801	2	1	80	消耗350钻石	115	25	11	62
454	2	2802	2	1	80	进行17次小游戏	115	28	12	63
455	2	2803	2	1	80	完成38次社团任务	115	80	13	64
456	2	2804	2	1	80	使用埼玉卡50次数	115	18	14	65
457	2	1900	1	1	80	通关模拟训练20次	40	17	1	66
458	2	1901	1	1	80	通关英雄试炼20次	40	18	2	67
459	2	1902	1	1	80	料理10次	40	64	3	68
460	2	1903	1	1	80	消耗20张招募券	40	52	4	69
461	2	1904	1	1	80	在普通商店购买20次物品	40	68	5	70
462	2	1905	1	1	80	购买6次钞票	40	26	6	71
463	2	1906	1	1	80	消耗360体力	40	12	7	72
464	2	1907	1	1	80	武道大会挑战10次	40	19	8	73
465	2	1908	1	1	80	领取360分钟治安委派奖励	40	15	9	74
466	2	2900	2	1	80	武道大会胜利70次	120	19	10	75
467	2	2901	2	1	80	消耗400钻石	120	25	11	76
468	2	2902	2	1	80	进行20次小游戏	120	28	12	77
469	2	2903	2	1	80	完成42次社团任务	120	80	13	78
470	2	2904	2	1	80	使用埼玉卡55次数	120	18	14	79
501	3	1500	1	1	80	通关模拟训练10次	20	17	1	10
502	3	1501	1	1	80	通关英雄试炼10次	20	18	2	11
503	3	1502	1	1	80	料理5次	20	64	3	12
504	3	1503	1	1	80	消耗10张招募券	20	52	4	13
505	3	1504	1	1	80	在普通商店购买10次物品	20	68	5	14
506	3	1505	1	1	80	购买3次钞票	20	26	6	15
507	3	1506	1	1	80	消耗180体力	20	12	7	16
508	3	1507	1	1	80	武道大会挑战5次	20	19	8	17
509	3	1508	1	1	80	领取180分钟治安委派奖励	20	15	9	18
510	3	2500	2	1	80	武道大会胜利35次	100	19	10	19
511	3	2501	2	1	80	消耗200钻石	100	25	11	20
512	3	2502	2	1	80	进行10次小游戏	100	28	12	21
513	3	2503	2	1	80	完成30次社团任务	100	80	13	22
514	3	2504	2	1	80	使用埼玉卡35次数	100	18	14	23
515	3	1600	1	1	80	通关模拟训练12次	25	17	1	24
516	3	1601	1	1	80	通关英雄试炼12次	25	18	2	25
517	3	1602	1	1	80	料理6次	25	64	3	26
518	3	1603	1	1	80	消耗12张招募券	25	52	4	27
519	3	1604	1	1	80	在普通商店购买12次物品	25	68	5	28
520	3	1605	1	1	80	购买3次钞票	25	26	6	29
521	3	1606	1	1	80	消耗225体力	25	12	7	30
522	3	1607	1	1	80	武道大会挑战6次	25	19	8	31
523	3	1608	1	1	80	领取225分钟治安委派奖励	25	15	9	32
524	3	2600	2	1	80	武道大会胜利43次	105	19	10	33
525	3	2601	2	1	80	消耗250钻石	105	25	11	34
526	3	2602	2	1	80	进行12次小游戏	105	28	12	35
527	3	2603	2	1	80	完成32次社团任务	105	80	13	36
528	3	2604	2	1	80	使用埼玉卡40次数	105	18	14	37
529	3	1700	1	1	80	通关模拟训练15次	30	17	1	38
530	3	1701	1	1	80	通关英雄试炼15次	30	18	2	39
531	3	1702	1	1	80	料理7次	30	64	3	40
532	3	1703	1	1	80	消耗15张招募券	30	52	4	41
533	3	1704	1	1	80	在普通商店购买15次物品	30	68	5	42
534	3	1705	1	1	80	购买4次钞票	30	26	6	43
535	3	1706	1	1	80	消耗270体力	30	12	7	44
536	3	1707	1	1	80	武道大会挑战7次	30	19	8	45
537	3	1708	1	1	80	领取270分钟治安委派奖励	30	15	9	46
538	3	2700	2	1	80	武道大会胜利52次	110	19	10	47
539	3	2701	2	1	80	消耗300钻石	110	25	11	48
540	3	2702	2	1	80	进行15次小游戏	110	28	12	49
541	3	2703	2	1	80	完成34次社团任务	110	80	13	50
542	3	2704	2	1	80	使用埼玉卡45次数	110	18	14	51
543	3	1800	1	1	80	通关模拟训练17次	35	17	1	52
544	3	1801	1	1	80	通关英雄试炼17次	35	18	2	53
545	3	1802	1	1	80	料理8次	35	64	3	54
546	3	1803	1	1	80	消耗17张招募券	35	52	4	55
547	3	1804	1	1	80	在普通商店购买17次物品	35	68	5	56
548	3	1805	1	1	80	购买5次钞票	35	26	6	57
549	3	1806	1	1	80	消耗315体力	35	12	7	58
550	3	1807	1	1	80	武道大会挑战8次	35	19	8	59
551	3	1808	1	1	80	领取315分钟治安委派奖励	35	15	9	60
552	3	2800	2	1	80	武道大会胜利61次	115	19	10	61
553	3	2801	2	1	80	消耗350钻石	115	25	11	62
554	3	2802	2	1	80	进行17次小游戏	115	28	12	63
555	3	2803	2	1	80	完成38次社团任务	115	80	13	64
556	3	2804	2	1	80	使用埼玉卡50次数	115	18	14	65
557	3	1900	1	1	80	通关模拟训练20次	40	17	1	66
558	3	1901	1	1	80	通关英雄试炼20次	40	18	2	67
559	3	1902	1	1	80	料理10次	40	64	3	68
560	3	1903	1	1	80	消耗20张招募券	40	52	4	69
561	3	1904	1	1	80	在普通商店购买20次物品	40	68	5	70
562	3	1905	1	1	80	购买6次钞票	40	26	6	71
563	3	1906	1	1	80	消耗360体力	40	12	7	72
564	3	1907	1	1	80	武道大会挑战10次	40	19	8	73
565	3	1908	1	1	80	领取360分钟治安委派奖励	40	15	9	74
566	3	2900	2	1	80	武道大会胜利70次	120	19	10	75
567	3	2901	2	1	80	消耗400钻石	120	25	11	76
568	3	2902	2	1	80	进行20次小游戏	120	28	12	77
569	3	2903	2	1	80	完成42次社团任务	120	80	13	78
570	3	2904	2	1	80	使用埼玉卡55次数	120	18	14	79
601	4	1500	1	1	80	通关模拟训练10次	20	17	1	10
602	4	1501	1	1	80	通关英雄试炼10次	20	18	2	11
603	4	1502	1	1	80	料理5次	20	64	3	12
604	4	1503	1	1	80	消耗10张招募券	20	52	4	13
605	4	1504	1	1	80	在普通商店购买10次物品	20	68	5	14
606	4	1505	1	1	80	购买3次钞票	20	26	6	15
607	4	1506	1	1	80	消耗180体力	20	12	7	16
608	4	1507	1	1	80	武道大会挑战5次	20	19	8	17
609	4	1508	1	1	80	领取180分钟治安委派奖励	20	15	9	18
610	4	2500	2	1	80	武道大会胜利35次	100	19	10	19
611	4	2501	2	1	80	消耗200钻石	100	25	11	20
612	4	2502	2	1	80	进行10次小游戏	100	28	12	21
613	4	2503	2	1	80	完成30次社团任务	100	80	13	22
614	4	2504	2	1	80	使用埼玉卡35次数	100	18	14	23
615	4	1600	1	1	80	通关模拟训练12次	25	17	1	24
616	4	1601	1	1	80	通关英雄试炼12次	25	18	2	25
617	4	1602	1	1	80	料理6次	25	64	3	26
618	4	1603	1	1	80	消耗12张招募券	25	52	4	27
619	4	1604	1	1	80	在普通商店购买12次物品	25	68	5	28
620	4	1605	1	1	80	购买3次钞票	25	26	6	29
621	4	1606	1	1	80	消耗225体力	25	12	7	30
622	4	1607	1	1	80	武道大会挑战6次	25	19	8	31
623	4	1608	1	1	80	领取225分钟治安委派奖励	25	15	9	32
624	4	2600	2	1	80	武道大会胜利43次	105	19	10	33
625	4	2601	2	1	80	消耗250钻石	105	25	11	34
626	4	2602	2	1	80	进行12次小游戏	105	28	12	35
627	4	2603	2	1	80	完成32次社团任务	105	80	13	36
628	4	2604	2	1	80	使用埼玉卡40次数	105	18	14	37
629	4	1700	1	1	80	通关模拟训练15次	30	17	1	38
630	4	1701	1	1	80	通关英雄试炼15次	30	18	2	39
631	4	1702	1	1	80	料理7次	30	64	3	40
632	4	1703	1	1	80	消耗15张招募券	30	52	4	41
633	4	1704	1	1	80	在普通商店购买15次物品	30	68	5	42
634	4	1705	1	1	80	购买4次钞票	30	26	6	43
635	4	1706	1	1	80	消耗270体力	30	12	7	44
636	4	1707	1	1	80	武道大会挑战7次	30	19	8	45
637	4	1708	1	1	80	领取270分钟治安委派奖励	30	15	9	46
638	4	2700	2	1	80	武道大会胜利52次	110	19	10	47
639	4	2701	2	1	80	消耗300钻石	110	25	11	48
640	4	2702	2	1	80	进行15次小游戏	110	28	12	49
641	4	2703	2	1	80	完成34次社团任务	110	80	13	50
642	4	2704	2	1	80	使用埼玉卡45次数	110	18	14	51
643	4	1800	1	1	80	通关模拟训练17次	35	17	1	52
644	4	1801	1	1	80	通关英雄试炼17次	35	18	2	53
645	4	1802	1	1	80	料理8次	35	64	3	54
646	4	1803	1	1	80	消耗17张招募券	35	52	4	55
647	4	1804	1	1	80	在普通商店购买17次物品	35	68	5	56
648	4	1805	1	1	80	购买5次钞票	35	26	6	57
649	4	1806	1	1	80	消耗315体力	35	12	7	58
650	4	1807	1	1	80	武道大会挑战8次	35	19	8	59
651	4	1808	1	1	80	领取315分钟治安委派奖励	35	15	9	60
652	4	2800	2	1	80	武道大会胜利61次	115	19	10	61
653	4	2801	2	1	80	消耗350钻石	115	25	11	62
654	4	2802	2	1	80	进行17次小游戏	115	28	12	63
655	4	2803	2	1	80	完成38次社团任务	115	80	13	64
656	4	2804	2	1	80	使用埼玉卡50次数	115	18	14	65
657	4	1900	1	1	80	通关模拟训练20次	40	17	1	66
658	4	1901	1	1	80	通关英雄试炼20次	40	18	2	67
659	4	1902	1	1	80	料理10次	40	64	3	68
660	4	1903	1	1	80	消耗20张招募券	40	52	4	69
661	4	1904	1	1	80	在普通商店购买20次物品	40	68	5	70
662	4	1905	1	1	80	购买6次钞票	40	26	6	71
663	4	1906	1	1	80	消耗360体力	40	12	7	72
664	4	1907	1	1	80	武道大会挑战10次	40	19	8	73
665	4	1908	1	1	80	领取360分钟治安委派奖励	40	15	9	74
666	4	2900	2	1	80	武道大会胜利70次	120	19	10	75
667	4	2901	2	1	80	消耗400钻石	120	25	11	76
668	4	2902	2	1	80	进行20次小游戏	120	28	12	77
669	4	2903	2	1	80	完成42次社团任务	120	80	13	78
670	4	2904	2	1	80	使用埼玉卡55次数	120	18	14	79
701	5	1500	1	1	80	通关模拟训练10次	20	17	1	10
702	5	1501	1	1	80	通关英雄试炼10次	20	18	2	11
703	5	1502	1	1	80	料理5次	20	64	3	12
704	5	1503	1	1	80	消耗10张招募券	20	52	4	13
705	5	1504	1	1	80	在普通商店购买10次物品	20	68	5	14
706	5	1505	1	1	80	购买3次钞票	20	26	6	15
707	5	1506	1	1	80	消耗180体力	20	12	7	16
708	5	1507	1	1	80	武道大会挑战5次	20	19	8	17
709	5	1508	1	1	80	领取180分钟治安委派奖励	20	15	9	18
710	5	2500	2	1	80	武道大会胜利35次	100	19	10	19
711	5	2501	2	1	80	消耗200钻石	100	25	11	20
712	5	2502	2	1	80	进行10次小游戏	100	28	12	21
713	5	2503	2	1	80	完成30次社团任务	100	80	13	22
714	5	2504	2	1	80	使用埼玉卡35次数	100	18	14	23
715	5	1600	1	1	80	通关模拟训练12次	25	17	1	24
716	5	1601	1	1	80	通关英雄试炼12次	25	18	2	25
717	5	1602	1	1	80	料理6次	25	64	3	26
718	5	1603	1	1	80	消耗12张招募券	25	52	4	27
719	5	1604	1	1	80	在普通商店购买12次物品	25	68	5	28
720	5	1605	1	1	80	购买3次钞票	25	26	6	29
721	5	1606	1	1	80	消耗225体力	25	12	7	30
722	5	1607	1	1	80	武道大会挑战6次	25	19	8	31
723	5	1608	1	1	80	领取225分钟治安委派奖励	25	15	9	32
724	5	2600	2	1	80	武道大会胜利43次	105	19	10	33
725	5	2601	2	1	80	消耗250钻石	105	25	11	34
726	5	2602	2	1	80	进行12次小游戏	105	28	12	35
727	5	2603	2	1	80	完成32次社团任务	105	80	13	36
728	5	2604	2	1	80	使用埼玉卡40次数	105	18	14	37
729	5	1700	1	1	80	通关模拟训练15次	30	17	1	38
730	5	1701	1	1	80	通关英雄试炼15次	30	18	2	39
731	5	1702	1	1	80	料理7次	30	64	3	40
732	5	1703	1	1	80	消耗15张招募券	30	52	4	41
733	5	1704	1	1	80	在普通商店购买15次物品	30	68	5	42
734	5	1705	1	1	80	购买4次钞票	30	26	6	43
735	5	1706	1	1	80	消耗270体力	30	12	7	44
736	5	1707	1	1	80	武道大会挑战7次	30	19	8	45
737	5	1708	1	1	80	领取270分钟治安委派奖励	30	15	9	46
738	5	2700	2	1	80	武道大会胜利52次	110	19	10	47
739	5	2701	2	1	80	消耗300钻石	110	25	11	48
740	5	2702	2	1	80	进行15次小游戏	110	28	12	49
741	5	2703	2	1	80	完成34次社团任务	110	80	13	50
742	5	2704	2	1	80	使用埼玉卡45次数	110	18	14	51
743	5	1800	1	1	80	通关模拟训练17次	35	17	1	52
744	5	1801	1	1	80	通关英雄试炼17次	35	18	2	53
745	5	1802	1	1	80	料理8次	35	64	3	54
746	5	1803	1	1	80	消耗17张招募券	35	52	4	55
747	5	1804	1	1	80	在普通商店购买17次物品	35	68	5	56
748	5	1805	1	1	80	购买5次钞票	35	26	6	57
749	5	1806	1	1	80	消耗315体力	35	12	7	58
750	5	1807	1	1	80	武道大会挑战8次	35	19	8	59
751	5	1808	1	1	80	领取315分钟治安委派奖励	35	15	9	60
752	5	2800	2	1	80	武道大会胜利61次	115	19	10	61
753	5	2801	2	1	80	消耗350钻石	115	25	11	62
754	5	2802	2	1	80	进行17次小游戏	115	28	12	63
755	5	2803	2	1	80	完成38次社团任务	115	80	13	64
756	5	2804	2	1	80	使用埼玉卡50次数	115	18	14	65
757	5	1900	1	1	80	通关模拟训练20次	40	17	1	66
758	5	1901	1	1	80	通关英雄试炼20次	40	18	2	67
759	5	1902	1	1	80	料理10次	40	64	3	68
760	5	1903	1	1	80	消耗20张招募券	40	52	4	69
761	5	1904	1	1	80	在普通商店购买20次物品	40	68	5	70
762	5	1905	1	1	80	购买6次钞票	40	26	6	71
763	5	1906	1	1	80	消耗360体力	40	12	7	72
764	5	1907	1	1	80	武道大会挑战10次	40	19	8	73
765	5	1908	1	1	80	领取360分钟治安委派奖励	40	15	9	74
766	5	2900	2	1	80	武道大会胜利70次	120	19	10	75
767	5	2901	2	1	80	消耗400钻石	120	25	11	76
768	5	2902	2	1	80	进行20次小游戏	120	28	12	77
769	5	2903	2	1	80	完成42次社团任务	120	80	13	78
770	5	2904	2	1	80	使用埼玉卡55次数	120	18	14	79
801	6	1500	1	1	80	通关模拟训练10次	20	17	1	10
802	6	1501	1	1	80	通关英雄试炼10次	20	18	2	11
803	6	1502	1	1	80	料理5次	20	64	3	12
804	6	1503	1	1	80	消耗10张招募券	20	52	4	13
805	6	1504	1	1	80	在普通商店购买10次物品	20	68	5	14
806	6	1505	1	1	80	购买3次钞票	20	26	6	15
807	6	1506	1	1	80	消耗180体力	20	12	7	16
808	6	1507	1	1	80	武道大会挑战5次	20	19	8	17
809	6	1508	1	1	80	领取180分钟治安委派奖励	20	15	9	18
810	6	2500	2	1	80	武道大会胜利35次	100	19	10	19
811	6	2501	2	1	80	消耗200钻石	100	25	11	20
812	6	2502	2	1	80	进行10次小游戏	100	28	12	21
813	6	2503	2	1	80	完成30次社团任务	100	80	13	22
814	6	2504	2	1	80	使用埼玉卡35次数	100	18	14	23
815	6	1600	1	1	80	通关模拟训练12次	25	17	1	24
816	6	1601	1	1	80	通关英雄试炼12次	25	18	2	25
817	6	1602	1	1	80	料理6次	25	64	3	26
818	6	1603	1	1	80	消耗12张招募券	25	52	4	27
819	6	1604	1	1	80	在普通商店购买12次物品	25	68	5	28
820	6	1605	1	1	80	购买3次钞票	25	26	6	29
821	6	1606	1	1	80	消耗225体力	25	12	7	30
822	6	1607	1	1	80	武道大会挑战6次	25	19	8	31
823	6	1608	1	1	80	领取225分钟治安委派奖励	25	15	9	32
824	6	2600	2	1	80	武道大会胜利43次	105	19	10	33
825	6	2601	2	1	80	消耗250钻石	105	25	11	34
826	6	2602	2	1	80	进行12次小游戏	105	28	12	35
827	6	2603	2	1	80	完成32次社团任务	105	80	13	36
828	6	2604	2	1	80	使用埼玉卡40次数	105	18	14	37
829	6	1700	1	1	80	通关模拟训练15次	30	17	1	38
830	6	1701	1	1	80	通关英雄试炼15次	30	18	2	39
831	6	1702	1	1	80	料理7次	30	64	3	40
832	6	1703	1	1	80	消耗15张招募券	30	52	4	41
833	6	1704	1	1	80	在普通商店购买15次物品	30	68	5	42
834	6	1705	1	1	80	购买4次钞票	30	26	6	43
835	6	1706	1	1	80	消耗270体力	30	12	7	44
836	6	1707	1	1	80	武道大会挑战7次	30	19	8	45
837	6	1708	1	1	80	领取270分钟治安委派奖励	30	15	9	46
838	6	2700	2	1	80	武道大会胜利52次	110	19	10	47
839	6	2701	2	1	80	消耗300钻石	110	25	11	48
840	6	2702	2	1	80	进行15次小游戏	110	28	12	49
841	6	2703	2	1	80	完成34次社团任务	110	80	13	50
842	6	2704	2	1	80	使用埼玉卡45次数	110	18	14	51
843	6	1800	1	1	80	通关模拟训练17次	35	17	1	52
844	6	1801	1	1	80	通关英雄试炼17次	35	18	2	53
845	6	1802	1	1	80	料理8次	35	64	3	54
846	6	1803	1	1	80	消耗17张招募券	35	52	4	55
847	6	1804	1	1	80	在普通商店购买17次物品	35	68	5	56
848	6	1805	1	1	80	购买5次钞票	35	26	6	57
849	6	1806	1	1	80	消耗315体力	35	12	7	58
850	6	1807	1	1	80	武道大会挑战8次	35	19	8	59
851	6	1808	1	1	80	领取315分钟治安委派奖励	35	15	9	60
852	6	2800	2	1	80	武道大会胜利61次	115	19	10	61
853	6	2801	2	1	80	消耗350钻石	115	25	11	62
854	6	2802	2	1	80	进行17次小游戏	115	28	12	63
855	6	2803	2	1	80	完成38次社团任务	115	80	13	64
856	6	2804	2	1	80	使用埼玉卡50次数	115	18	14	65
857	6	1900	1	1	80	通关模拟训练20次	40	17	1	66
858	6	1901	1	1	80	通关英雄试炼20次	40	18	2	67
859	6	1902	1	1	80	料理10次	40	64	3	68
860	6	1903	1	1	80	消耗20张招募券	40	52	4	69
861	6	1904	1	1	80	在普通商店购买20次物品	40	68	5	70
862	6	1905	1	1	80	购买6次钞票	40	26	6	71
863	6	1906	1	1	80	消耗360体力	40	12	7	72
864	6	1907	1	1	80	武道大会挑战10次	40	19	8	73
865	6	1908	1	1	80	领取360分钟治安委派奖励	40	15	9	74
866	6	2900	2	1	80	武道大会胜利70次	120	19	10	75
867	6	2901	2	1	80	消耗400钻石	120	25	11	76
868	6	2902	2	1	80	进行20次小游戏	120	28	12	77
869	6	2903	2	1	80	完成42次社团任务	120	80	13	78
870	6	2904	2	1	80	使用埼玉卡55次数	120	18	14	79
901	7	1500	1	1	80	通关模拟训练10次	20	17	1	10
902	7	1501	1	1	80	通关英雄试炼10次	20	18	2	11
903	7	1502	1	1	80	料理5次	20	64	3	12
904	7	1503	1	1	80	消耗10张招募券	20	52	4	13
905	7	1504	1	1	80	在普通商店购买10次物品	20	68	5	14
906	7	1505	1	1	80	购买3次钞票	20	26	6	15
907	7	1506	1	1	80	消耗180体力	20	12	7	16
908	7	1507	1	1	80	武道大会挑战5次	20	19	8	17
909	7	1508	1	1	80	领取180分钟治安委派奖励	20	15	9	18
910	7	2500	2	1	80	武道大会胜利35次	100	19	10	19
911	7	2501	2	1	80	消耗200钻石	100	25	11	20
912	7	2502	2	1	80	进行10次小游戏	100	28	12	21
913	7	2503	2	1	80	完成30次社团任务	100	80	13	22
914	7	2504	2	1	80	使用埼玉卡35次数	100	18	14	23
915	7	1600	1	1	80	通关模拟训练12次	25	17	1	24
916	7	1601	1	1	80	通关英雄试炼12次	25	18	2	25
917	7	1602	1	1	80	料理6次	25	64	3	26
918	7	1603	1	1	80	消耗12张招募券	25	52	4	27
919	7	1604	1	1	80	在普通商店购买12次物品	25	68	5	28
920	7	1605	1	1	80	购买3次钞票	25	26	6	29
921	7	1606	1	1	80	消耗225体力	25	12	7	30
922	7	1607	1	1	80	武道大会挑战6次	25	19	8	31
923	7	1608	1	1	80	领取225分钟治安委派奖励	25	15	9	32
924	7	2600	2	1	80	武道大会胜利43次	105	19	10	33
925	7	2601	2	1	80	消耗250钻石	105	25	11	34
926	7	2602	2	1	80	进行12次小游戏	105	28	12	35
927	7	2603	2	1	80	完成32次社团任务	105	80	13	36
928	7	2604	2	1	80	使用埼玉卡40次数	105	18	14	37
929	7	1700	1	1	80	通关模拟训练15次	30	17	1	38
930	7	1701	1	1	80	通关英雄试炼15次	30	18	2	39
931	7	1702	1	1	80	料理7次	30	64	3	40
932	7	1703	1	1	80	消耗15张招募券	30	52	4	41
933	7	1704	1	1	80	在普通商店购买15次物品	30	68	5	42
934	7	1705	1	1	80	购买4次钞票	30	26	6	43
935	7	1706	1	1	80	消耗270体力	30	12	7	44
936	7	1707	1	1	80	武道大会挑战7次	30	19	8	45
937	7	1708	1	1	80	领取270分钟治安委派奖励	30	15	9	46
938	7	2700	2	1	80	武道大会胜利52次	110	19	10	47
939	7	2701	2	1	80	消耗300钻石	110	25	11	48
940	7	2702	2	1	80	进行15次小游戏	110	28	12	49
941	7	2703	2	1	80	完成34次社团任务	110	80	13	50
942	7	2704	2	1	80	使用埼玉卡45次数	110	18	14	51
943	7	1800	1	1	80	通关模拟训练17次	35	17	1	52
944	7	1801	1	1	80	通关英雄试炼17次	35	18	2	53
945	7	1802	1	1	80	料理8次	35	64	3	54
946	7	1803	1	1	80	消耗17张招募券	35	52	4	55
947	7	1804	1	1	80	在普通商店购买17次物品	35	68	5	56
948	7	1805	1	1	80	购买5次钞票	35	26	6	57
949	7	1806	1	1	80	消耗315体力	35	12	7	58
950	7	1807	1	1	80	武道大会挑战8次	35	19	8	59
951	7	1808	1	1	80	领取315分钟治安委派奖励	35	15	9	60
952	7	2800	2	1	80	武道大会胜利61次	115	19	10	61
953	7	2801	2	1	80	消耗350钻石	115	25	11	62
954	7	2802	2	1	80	进行17次小游戏	115	28	12	63
955	7	2803	2	1	80	完成38次社团任务	115	80	13	64
956	7	2804	2	1	80	使用埼玉卡50次数	115	18	14	65
957	7	1900	1	1	80	通关模拟训练20次	40	17	1	66
958	7	1901	1	1	80	通关英雄试炼20次	40	18	2	67
959	7	1902	1	1	80	料理10次	40	64	3	68
960	7	1903	1	1	80	消耗20张招募券	40	52	4	69
961	7	1904	1	1	80	在普通商店购买20次物品	40	68	5	70
962	7	1905	1	1	80	购买6次钞票	40	26	6	71
963	7	1906	1	1	80	消耗360体力	40	12	7	72
964	7	1907	1	1	80	武道大会挑战10次	40	19	8	73
965	7	1908	1	1	80	领取360分钟治安委派奖励	40	15	9	74
966	7	2900	2	1	80	武道大会胜利70次	120	19	10	75
967	7	2901	2	1	80	消耗400钻石	120	25	11	76
968	7	2902	2	1	80	进行20次小游戏	120	28	12	77
969	7	2903	2	1	80	完成42次社团任务	120	80	13	78
970	7	2904	2	1	80	使用埼玉卡55次数	120	18	14	79
1001	8	1500	1	1	80	通关模拟训练10次	20	17	1	10
1002	8	1501	1	1	80	通关英雄试炼10次	20	18	2	11
1003	8	1502	1	1	80	料理5次	20	64	3	12
1004	8	1503	1	1	80	消耗10张招募券	20	52	4	13
1005	8	1504	1	1	80	在普通商店购买10次物品	20	68	5	14
1006	8	1505	1	1	80	购买3次钞票	20	26	6	15
1007	8	1506	1	1	80	消耗180体力	20	12	7	16
1008	8	1507	1	1	80	武道大会挑战5次	20	19	8	17
1009	8	1508	1	1	80	领取180分钟治安委派奖励	20	15	9	18
1010	8	2500	2	1	80	武道大会胜利35次	100	19	10	19
1011	8	2501	2	1	80	消耗200钻石	100	25	11	20
1012	8	2502	2	1	80	进行10次小游戏	100	28	12	21
1013	8	2503	2	1	80	完成30次社团任务	100	80	13	22
1014	8	2504	2	1	80	使用埼玉卡35次数	100	18	14	23
1015	8	1600	1	1	80	通关模拟训练12次	25	17	1	24
1016	8	1601	1	1	80	通关英雄试炼12次	25	18	2	25
1017	8	1602	1	1	80	料理6次	25	64	3	26
1018	8	1603	1	1	80	消耗12张招募券	25	52	4	27
1019	8	1604	1	1	80	在普通商店购买12次物品	25	68	5	28
1020	8	1605	1	1	80	购买3次钞票	25	26	6	29
1021	8	1606	1	1	80	消耗225体力	25	12	7	30
1022	8	1607	1	1	80	武道大会挑战6次	25	19	8	31
1023	8	1608	1	1	80	领取225分钟治安委派奖励	25	15	9	32
1024	8	2600	2	1	80	武道大会胜利43次	105	19	10	33
1025	8	2601	2	1	80	消耗250钻石	105	25	11	34
1026	8	2602	2	1	80	进行12次小游戏	105	28	12	35
1027	8	2603	2	1	80	完成32次社团任务	105	80	13	36
1028	8	2604	2	1	80	使用埼玉卡40次数	105	18	14	37
1029	8	1700	1	1	80	通关模拟训练15次	30	17	1	38
1030	8	1701	1	1	80	通关英雄试炼15次	30	18	2	39
1031	8	1702	1	1	80	料理7次	30	64	3	40
1032	8	1703	1	1	80	消耗15张招募券	30	52	4	41
1033	8	1704	1	1	80	在普通商店购买15次物品	30	68	5	42
1034	8	1705	1	1	80	购买4次钞票	30	26	6	43
1035	8	1706	1	1	80	消耗270体力	30	12	7	44
1036	8	1707	1	1	80	武道大会挑战7次	30	19	8	45
1037	8	1708	1	1	80	领取270分钟治安委派奖励	30	15	9	46
1038	8	2700	2	1	80	武道大会胜利52次	110	19	10	47
1039	8	2701	2	1	80	消耗300钻石	110	25	11	48
1040	8	2702	2	1	80	进行15次小游戏	110	28	12	49
1041	8	2703	2	1	80	完成34次社团任务	110	80	13	50
1042	8	2704	2	1	80	使用埼玉卡45次数	110	18	14	51
1043	8	1800	1	1	80	通关模拟训练17次	35	17	1	52
1044	8	1801	1	1	80	通关英雄试炼17次	35	18	2	53
1045	8	1802	1	1	80	料理8次	35	64	3	54
1046	8	1803	1	1	80	消耗17张招募券	35	52	4	55
1047	8	1804	1	1	80	在普通商店购买17次物品	35	68	5	56
1048	8	1805	1	1	80	购买5次钞票	35	26	6	57
1049	8	1806	1	1	80	消耗315体力	35	12	7	58
1050	8	1807	1	1	80	武道大会挑战8次	35	19	8	59
1051	8	1808	1	1	80	领取315分钟治安委派奖励	35	15	9	60
1052	8	2800	2	1	80	武道大会胜利61次	115	19	10	61
1053	8	2801	2	1	80	消耗350钻石	115	25	11	62
1054	8	2802	2	1	80	进行17次小游戏	115	28	12	63
1055	8	2803	2	1	80	完成38次社团任务	115	80	13	64
1056	8	2804	2	1	80	使用埼玉卡50次数	115	18	14	65
1057	8	1900	1	1	80	通关模拟训练20次	40	17	1	66
1058	8	1901	1	1	80	通关英雄试炼20次	40	18	2	67
1059	8	1902	1	1	80	料理10次	40	64	3	68
1060	8	1903	1	1	80	消耗20张招募券	40	52	4	69
1061	8	1904	1	1	80	在普通商店购买20次物品	40	68	5	70
1062	8	1905	1	1	80	购买6次钞票	40	26	6	71
1063	8	1906	1	1	80	消耗360体力	40	12	7	72
1064	8	1907	1	1	80	武道大会挑战10次	40	19	8	73
1065	8	1908	1	1	80	领取360分钟治安委派奖励	40	15	9	74
1066	8	2900	2	1	80	武道大会胜利70次	120	19	10	75
1067	8	2901	2	1	80	消耗400钻石	120	25	11	76
1068	8	2902	2	1	80	进行20次小游戏	120	28	12	77
1069	8	2903	2	1	80	完成42次社团任务	120	80	13	78
1070	8	2904	2	1	80	使用埼玉卡55次数	120	18	14	79
1101	9	1500	1	1	80	通关模拟训练10次	20	17	1	10
1102	9	1501	1	1	80	通关英雄试炼10次	20	18	2	11
1103	9	1502	1	1	80	料理5次	20	64	3	12
1104	9	1503	1	1	80	消耗10张招募券	20	52	4	13
1105	9	1504	1	1	80	在普通商店购买10次物品	20	68	5	14
1106	9	1505	1	1	80	购买3次钞票	20	26	6	15
1107	9	1506	1	1	80	消耗180体力	20	12	7	16
1108	9	1507	1	1	80	武道大会挑战5次	20	19	8	17
1109	9	1508	1	1	80	领取180分钟治安委派奖励	20	15	9	18
1110	9	2500	2	1	80	武道大会胜利35次	100	19	10	19
1111	9	2501	2	1	80	消耗200钻石	100	25	11	20
1112	9	2502	2	1	80	进行10次小游戏	100	28	12	21
1113	9	2503	2	1	80	完成30次社团任务	100	80	13	22
1114	9	2504	2	1	80	使用埼玉卡35次数	100	18	14	23
1115	9	1600	1	1	80	通关模拟训练12次	25	17	1	24
1116	9	1601	1	1	80	通关英雄试炼12次	25	18	2	25
1117	9	1602	1	1	80	料理6次	25	64	3	26
1118	9	1603	1	1	80	消耗12张招募券	25	52	4	27
1119	9	1604	1	1	80	在普通商店购买12次物品	25	68	5	28
1120	9	1605	1	1	80	购买3次钞票	25	26	6	29
1121	9	1606	1	1	80	消耗225体力	25	12	7	30
1122	9	1607	1	1	80	武道大会挑战6次	25	19	8	31
1123	9	1608	1	1	80	领取225分钟治安委派奖励	25	15	9	32
1124	9	2600	2	1	80	武道大会胜利43次	105	19	10	33
1125	9	2601	2	1	80	消耗250钻石	105	25	11	34
1126	9	2602	2	1	80	进行12次小游戏	105	28	12	35
1127	9	2603	2	1	80	完成32次社团任务	105	80	13	36
1128	9	2604	2	1	80	使用埼玉卡40次数	105	18	14	37
1129	9	1700	1	1	80	通关模拟训练15次	30	17	1	38
1130	9	1701	1	1	80	通关英雄试炼15次	30	18	2	39
1131	9	1702	1	1	80	料理7次	30	64	3	40
1132	9	1703	1	1	80	消耗15张招募券	30	52	4	41
1133	9	1704	1	1	80	在普通商店购买15次物品	30	68	5	42
1134	9	1705	1	1	80	购买4次钞票	30	26	6	43
1135	9	1706	1	1	80	消耗270体力	30	12	7	44
1136	9	1707	1	1	80	武道大会挑战7次	30	19	8	45
1137	9	1708	1	1	80	领取270分钟治安委派奖励	30	15	9	46
1138	9	2700	2	1	80	武道大会胜利52次	110	19	10	47
1139	9	2701	2	1	80	消耗300钻石	110	25	11	48
1140	9	2702	2	1	80	进行15次小游戏	110	28	12	49
1141	9	2703	2	1	80	完成34次社团任务	110	80	13	50
1142	9	2704	2	1	80	使用埼玉卡45次数	110	18	14	51
1143	9	1800	1	1	80	通关模拟训练17次	35	17	1	52
1144	9	1801	1	1	80	通关英雄试炼17次	35	18	2	53
1145	9	1802	1	1	80	料理8次	35	64	3	54
1146	9	1803	1	1	80	消耗17张招募券	35	52	4	55
1147	9	1804	1	1	80	在普通商店购买17次物品	35	68	5	56
1148	9	1805	1	1	80	购买5次钞票	35	26	6	57
1149	9	1806	1	1	80	消耗315体力	35	12	7	58
1150	9	1807	1	1	80	武道大会挑战8次	35	19	8	59
1151	9	1808	1	1	80	领取315分钟治安委派奖励	35	15	9	60
1152	9	2800	2	1	80	武道大会胜利61次	115	19	10	61
1153	9	2801	2	1	80	消耗350钻石	115	25	11	62
1154	9	2802	2	1	80	进行17次小游戏	115	28	12	63
1155	9	2803	2	1	80	完成38次社团任务	115	80	13	64
1156	9	2804	2	1	80	使用埼玉卡50次数	115	18	14	65
1157	9	1900	1	1	80	通关模拟训练20次	40	17	1	66
1158	9	1901	1	1	80	通关英雄试炼20次	40	18	2	67
1159	9	1902	1	1	80	料理10次	40	64	3	68
1160	9	1903	1	1	80	消耗20张招募券	40	52	4	69
1161	9	1904	1	1	80	在普通商店购买20次物品	40	68	5	70
1162	9	1905	1	1	80	购买6次钞票	40	26	6	71
1163	9	1906	1	1	80	消耗360体力	40	12	7	72
1164	9	1907	1	1	80	武道大会挑战10次	40	19	8	73
1165	9	1908	1	1	80	领取360分钟治安委派奖励	40	15	9	74
1166	9	2900	2	1	80	武道大会胜利70次	120	19	10	75
1167	9	2901	2	1	80	消耗400钻石	120	25	11	76
1168	9	2902	2	1	80	进行20次小游戏	120	28	12	77
1169	9	2903	2	1	80	完成42次社团任务	120	80	13	78
1170	9	2904	2	1	80	使用埼玉卡55次数	120	18	14	79
1201	10	1500	1	1	80	通关模拟训练10次	20	17	1	10
1202	10	1501	1	1	80	通关英雄试炼10次	20	18	2	11
1203	10	1502	1	1	80	料理5次	20	64	3	12
1204	10	1503	1	1	80	消耗10张招募券	20	52	4	13
1205	10	1504	1	1	80	在普通商店购买10次物品	20	68	5	14
1206	10	1505	1	1	80	购买3次钞票	20	26	6	15
1207	10	1506	1	1	80	消耗180体力	20	12	7	16
1208	10	1507	1	1	80	武道大会挑战5次	20	19	8	17
1209	10	1508	1	1	80	领取180分钟治安委派奖励	20	15	9	18
1210	10	2500	2	1	80	武道大会胜利35次	100	19	10	19
1211	10	2501	2	1	80	消耗200钻石	100	25	11	20
1212	10	2502	2	1	80	进行10次小游戏	100	28	12	21
1213	10	2503	2	1	80	完成30次社团任务	100	80	13	22
1214	10	2504	2	1	80	使用埼玉卡35次数	100	18	14	23
1215	10	1600	1	1	80	通关模拟训练12次	25	17	1	24
1216	10	1601	1	1	80	通关英雄试炼12次	25	18	2	25
1217	10	1602	1	1	80	料理6次	25	64	3	26
1218	10	1603	1	1	80	消耗12张招募券	25	52	4	27
1219	10	1604	1	1	80	在普通商店购买12次物品	25	68	5	28
1220	10	1605	1	1	80	购买3次钞票	25	26	6	29
1221	10	1606	1	1	80	消耗225体力	25	12	7	30
1222	10	1607	1	1	80	武道大会挑战6次	25	19	8	31
1223	10	1608	1	1	80	领取225分钟治安委派奖励	25	15	9	32
1224	10	2600	2	1	80	武道大会胜利43次	105	19	10	33
1225	10	2601	2	1	80	消耗250钻石	105	25	11	34
1226	10	2602	2	1	80	进行12次小游戏	105	28	12	35
1227	10	2603	2	1	80	完成32次社团任务	105	80	13	36
1228	10	2604	2	1	80	使用埼玉卡40次数	105	18	14	37
1229	10	1700	1	1	80	通关模拟训练15次	30	17	1	38
1230	10	1701	1	1	80	通关英雄试炼15次	30	18	2	39
1231	10	1702	1	1	80	料理7次	30	64	3	40
1232	10	1703	1	1	80	消耗15张招募券	30	52	4	41
1233	10	1704	1	1	80	在普通商店购买15次物品	30	68	5	42
1234	10	1705	1	1	80	购买4次钞票	30	26	6	43
1235	10	1706	1	1	80	消耗270体力	30	12	7	44
1236	10	1707	1	1	80	武道大会挑战7次	30	19	8	45
1237	10	1708	1	1	80	领取270分钟治安委派奖励	30	15	9	46
1238	10	2700	2	1	80	武道大会胜利52次	110	19	10	47
1239	10	2701	2	1	80	消耗300钻石	110	25	11	48
1240	10	2702	2	1	80	进行15次小游戏	110	28	12	49
1241	10	2703	2	1	80	完成34次社团任务	110	80	13	50
1242	10	2704	2	1	80	使用埼玉卡45次数	110	18	14	51
1243	10	1800	1	1	80	通关模拟训练17次	35	17	1	52
1244	10	1801	1	1	80	通关英雄试炼17次	35	18	2	53
1245	10	1802	1	1	80	料理8次	35	64	3	54
1246	10	1803	1	1	80	消耗17张招募券	35	52	4	55
1247	10	1804	1	1	80	在普通商店购买17次物品	35	68	5	56
1248	10	1805	1	1	80	购买5次钞票	35	26	6	57
1249	10	1806	1	1	80	消耗315体力	35	12	7	58
1250	10	1807	1	1	80	武道大会挑战8次	35	19	8	59
1251	10	1808	1	1	80	领取315分钟治安委派奖励	35	15	9	60
1252	10	2800	2	1	80	武道大会胜利61次	115	19	10	61
1253	10	2801	2	1	80	消耗350钻石	115	25	11	62
1254	10	2802	2	1	80	进行17次小游戏	115	28	12	63
1255	10	2803	2	1	80	完成38次社团任务	115	80	13	64
1256	10	2804	2	1	80	使用埼玉卡50次数	115	18	14	65
1257	10	1900	1	1	80	通关模拟训练20次	40	17	1	66
1258	10	1901	1	1	80	通关英雄试炼20次	40	18	2	67
1259	10	1902	1	1	80	料理10次	40	64	3	68
1260	10	1903	1	1	80	消耗20张招募券	40	52	4	69
1261	10	1904	1	1	80	在普通商店购买20次物品	40	68	5	70
1262	10	1905	1	1	80	购买6次钞票	40	26	6	71
1263	10	1906	1	1	80	消耗360体力	40	12	7	72
1264	10	1907	1	1	80	武道大会挑战10次	40	19	8	73
1265	10	1908	1	1	80	领取360分钟治安委派奖励	40	15	9	74
1266	10	2900	2	1	80	武道大会胜利70次	120	19	10	75
1267	10	2901	2	1	80	消耗400钻石	120	25	11	76
1268	10	2902	2	1	80	进行20次小游戏	120	28	12	77
1269	10	2903	2	1	80	完成42次社团任务	120	80	13	78
1270	10	2904	2	1	80	使用埼玉卡55次数	120	18	14	79
