id	title	name	questType	scheDuling	page	condition	rewardShow	drop	redirectionId	priority	pointType	point	startTime	endTime	titlePicId	
2001	 	玩家等级达到6级	53	1	0	2001	80001	80001	9	1	53	1	43831	401768	0
2002	 	玩家等级达到8级	53	1	0	2002	80002	80002	9	1	53	1	43831	401768	0
2003	 	玩家等级达到11级	53	1	0	2003	80003	80003	9	1	53	1	43831	401768	0
2004	 	玩家等级达到14级	53	1	0	2004	80004	80004	9	1	53	1	43831	401768	0
2005	 	玩家等级达到16级	53	1	0	2005	80005	80005	9	1	53	1	43831	401768	0
2006	 	玩家等级达到18级	53	1	0	2006	80006	80006	9	1	53	1	43831	401768	0
2007	 	玩家等级达到20级	53	1	0	2007	80007	80007	9	1	53	1	43831	401768	0
2008	 	玩家等级达到22级	53	1	0	2008	80008	80008	9	1	53	1	43831	401768	0
2009	 	玩家等级达到24级	53	1	0	2009	80009	80009	9	1	53	1	43831	401768	0
2010	 	玩家等级达到26级	53	1	0	2010	80010	80010	9	1	53	1	43831	401768	0
2011	 	玩家等级达到28级	53	1	0	2011	80011	80011	9	1	53	1	43831	401768	0
2012	 	玩家等级达到30级	53	1	0	2012	80012	80012	9	1	53	1	43831	401768	0
2013	 	玩家等级达到32级	53	1	0	2013	80013	80013	9	1	53	1	43831	401768	0
2014	 	玩家等级达到34级	53	1	0	2014	80014	80014	9	1	53	1	43831	401768	0
2015	 	玩家等级达到36级	53	1	0	2015	80015	80015	9	1	53	1	43831	401768	0
2016	 	玩家等级达到38级	53	1	0	2016	80016	80016	9	1	53	1	43831	401768	0
3001	 	招募获得	55	1	1	3001	1	7101	2	1	0	0	43831	401768	0
3002	 	招募获得	55	1	1	3002	2	7102	2	1	0	0	43831	401768	0
3003	 	招募获得	55	1	1	3003	1	7103	2	1	0	0	43831	401768	0
3004	 	招募获得	55	1	1	3004	2	7104	2	1	0	0	43831	401768	0
3005	 	招募获得	55	1	1	3005	1	7105	2	1	0	0	43831	401768	0
3006	 	招募获得	55	1	1	3006	2	7106	2	1	0	0	43831	401768	0
3007	 	招募获得	55	1	1	3007	1	7107	2	1	0	0	43831	401768	0
3008	 	招募获得	55	1	1	3008	2	7108	2	1	0	0	43831	401768	0
3009	 	招募获得	55	1	1	3009	1	7109	2	1	0	0	43831	401768	0
3010	 	招募获得	55	1	1	3010	2	7110	2	1	0	0	43831	401768	0
4001	 	第1天	56	1	1	4001	80101	80101	0	1	0	0	43831	401768	0
4002	 	第2天	56	1	1	4002	80102	80102	0	1	0	0	43831	401768	0
4003	 	第3天	56	1	1	4003	80103	80103	0	1	0	0	43831	401768	0
4004	 	第4天	56	1	1	4004	80104	80104	0	1	0	0	43831	401768	0
4005	 	第5天	56	1	1	4005	80105	80105	0	1	0	0	43831	401768	0
4006	 	第6天	56	1	1	4006	80106	80106	0	1	0	0	43831	401768	0
4007	 	第7天	56	1	1	4007	80107	80107	0	1	0	0	43831	401768	0
4008	 	第8天	56	1	1	4008	80108	80108	0	1	0	0	43831	401768	0
40101	 	第1天登录	46	1	1	40101	0	0	1	40101	46	2	43831	401768	0
40102	 	拥有6个20级角色	46	1	1	40102	0	0	2	40102	46	4	43831	401768	0
40103	 	拥有+1角色3名	46	1	1	40103	0	0	2	40103	46	4	43831	401768	0
40104	 	拥有3个4阶觉醒角色	46	1	1	40104	0	0	2	40104	46	2	43831	401768	0
40105	 	使用特别招募券30次	46	1	1	40105	0	0	52	40105	46	2	43831	401768	0
40106	 	进行料理10次	46	1	1	40106	0	0	64	40106	46	2	43831	401768	0
40107	 	在普通商店购买3次物品	46	1	1	40107	0	0	3	40107	46	1	43831	401768	0
40108	 	参与武道大会3次	46	1	1	40108	0	0	19	40108	46	2	43831	401768	0
40109	 	钻石购买3次体力	46	1	1	40109	0	0	25	40109	46	1	43831	401768	0
40201	 	第2天登录	46	1	2	40201	0	0	1	40201	46	2	43831	401768	0
40202	 	拥有6个30级角色	46	1	2	40202	0	0	2	40202	46	4	43831	401768	0
40203	 	拥有+2角色3名	46	1	2	40203	0	0	2	40203	46	4	43831	401768	0
40204	 	拥有3个7阶觉醒角色	46	1	2	40204	0	0	2	40204	46	2	43831	401768	0
40205	 	使用特别招募券60次	46	1	2	40205	0	0	52	40205	46	2	43831	401768	0
40206	 	通关模拟训练20次	46	1	2	40206	0	0	17	40206	46	2	43831	401768	0
40207	 	通关怪人研究所20次	46	1	2	40207	0	0	40	40207	46	2	43831	401768	0
40208	 	进行料理20次	46	1	2	40208	0	0	64	40208	46	2	43831	401768	0
40209	 	在普通商店购买6次物品	46	1	2	40209	0	0	3	40209	46	1	43831	401768	0
40210	 	参与武道大会6次	46	1	2	40210	0	0	19	40210	46	2	43831	401768	0
40211	 	道馆演武挑战20次	46	1	2	40211	0	0	16	40211	46	2	43831	401768	0
40212	 	钻石购买6次体力	46	1	2	40212	0	0	25	40212	46	1	43831	401768	0
40301	 	第3天登录	46	1	3	40301	0	0	1	40301	46	2	43831	401768	0
40302	 	拥有6个40级角色	46	1	3	40302	0	0	2	40302	46	4	43831	401768	0
40303	 	拥有4个7阶觉醒角色	46	1	3	40303	0	0	2	40303	46	4	43831	401768	0
40304	 	使用特别招募券90次	46	1	3	40304	0	0	52	40304	46	2	43831	401768	0
40305	 	通关模拟训练30次	46	1	3	40305	0	0	17	40305	46	2	43831	401768	0
40306	 	通关怪人研究所15次	46	1	3	40306	0	0	40	40306	46	2	43831	401768	0
40307	 	参与区域攻防3次	46	1	3	40307	0	0	97	40307	46	2	43831	401768	0
40308	 	通关英雄试炼10次	46	1	3	40308	0	0	72	40308	46	2	43831	401768	0
40309	 	在普通商店购买9次物品	46	1	3	40309	0	0	3	40309	46	1	43831	401768	0
40310	 	参与武道大会9次	46	1	3	40310	0	0	19	40310	46	2	43831	401768	0
40311	 	道馆演武挑战40次	46	1	3	40311	0	0	16	40311	46	2	43831	401768	0
40312	 	钻石购买9次体力	46	1	3	40312	0	0	25	40312	46	1	43831	401768	0
40401	 	第4天登录	46	1	4	40401	0	0	1	40401	46	2	43831	401768	0
40402	 	拥有+3角色3名	46	1	4	40402	0	0	2	40402	46	4	43831	401768	0
40403	 	拥有5个7阶觉醒角色	46	1	4	40403	0	0	2	40403	46	4	43831	401768	0
40404	 	使用特别招募券120次	46	1	4	40404	0	0	52	40404	46	2	43831	401768	0
40405	 	通关模拟训练40次	46	1	4	40405	0	0	17	40405	46	2	43831	401768	0
40406	 	通关怪人研究所20次	46	1	4	40406	0	0	40	40406	46	2	43831	401768	0
40407	 	参与区域攻防6次	46	1	4	40407	0	0	97	40407	46	2	43831	401768	0
40408	 	通关英雄试炼20次	46	1	4	40408	0	0	72	40408	46	2	43831	401768	0
40409	 	在普通商店购买12次物品	46	1	4	40409	0	0	3	40409	46	1	43831	401768	0
40410	 	参与武道大会12次	46	1	4	40410	0	0	19	40410	46	2	43831	401768	0
40411	 	道馆演武挑战60次	46	1	4	40411	0	0	16	40411	46	2	43831	401768	0
40412	 	钻石购买12次体力	46	1	4	40412	0	0	25	40412	46	1	43831	401768	0
40501	 	第5天登录	46	1	5	40501	0	0	1	40501	46	2	43831	401768	0
40502	 	拥有6个7阶觉醒角色	46	1	5	40502	0	0	2	40502	46	4	43831	401768	0
40503	 	使用特别招募券150次	46	1	5	40503	0	0	52	40503	46	4	43831	401768	0
40504	 	通关模拟训练50次	46	1	5	40504	0	0	17	40504	46	2	43831	401768	0
40505	 	通关怪人研究所25次	46	1	5	40505	0	0	40	40505	46	2	43831	401768	0
40506	 	参与区域攻防9次	46	1	5	40506	0	0	97	40506	46	2	43831	401768	0
40507	 	通关英雄试炼30次	46	1	5	40507	0	0	72	40507	46	2	43831	401768	0
40508	 	在普通商店购买15次物品	46	1	5	40508	0	0	3	40508	46	1	43831	401768	0
40509	 	参与武道大会15次	46	1	5	40509	0	0	19	40509	46	2	43831	401768	0
40510	 	道馆演武挑战80次	46	1	5	40510	0	0	16	40510	46	2	43831	401768	0
40511	 	无人区探索通关1次	46	1	5	40511	0	0	27	40511	46	2	43831	401768	0
40512	 	钻石购买15次体力	46	1	5	40512	0	0	25	40512	46	1	43831	401768	0
40601	 	第6天登录	46	1	6	40601	0	0	1	40601	46	2	43831	401768	0
40602	 	拥有6个50级角色	46	1	6	40602	0	0	2	40602	46	4	43831	401768	0
40603	 	拥有8个7阶觉醒角色	46	1	6	40603	0	0	2	40603	46	4	43831	401768	0
40604	 	使用特别招募券180次	46	1	6	40604	0	0	52	40604	46	2	43831	401768	0
40605	 	通关模拟训练60次	46	1	6	40605	0	0	17	40605	46	2	43831	401768	0
40606	 	通关怪人研究所30次	46	1	6	40606	0	0	40	40606	46	2	43831	401768	0
40607	 	参与区域攻防12次	46	1	6	40607	0	0	97	40607	46	2	43831	401768	0
40608	 	通关英雄试炼40次	46	1	6	40608	0	0	72	40608	46	2	43831	401768	0
40609	 	在普通商店购买18次物品	46	1	6	40609	0	0	3	40609	46	1	43831	401768	0
40610	 	参与武道大会18次	46	1	6	40610	0	0	19	40610	46	2	43831	401768	0
40611	 	道馆演武挑战100次	46	1	6	40611	0	0	16	40611	46	2	43831	401768	0
40612	 	钻石购买18次体力	46	1	6	40612	0	0	25	40612	46	1	43831	401768	0
40701	 	第7天登录	46	1	7	40701	0	0	1	40701	46	2	43831	401768	0
40702	 	拥有+4角色6名	46	1	7	40702	0	0	2	40702	46	4	43831	401768	0
40703	 	拥有10个7阶觉醒角色	46	1	7	40703	0	0	2	40703	46	4	43831	401768	0
40704	 	使用特别招募券210次	46	1	7	40704	0	0	52	40704	46	2	43831	401768	0
40705	 	通关模拟训练70次	46	1	7	40705	0	0	17	40705	46	2	43831	401768	0
40706	 	通关怪人研究所70次	46	1	7	40706	0	0	40	40706	46	2	43831	401768	0
40707	 	参与区域攻防15次	46	1	7	40707	0	0	97	40707	46	2	43831	401768	0
40708	 	通关英雄试炼50次	46	1	7	40708	0	0	72	40708	46	2	43831	401768	0
40709	 	在普通商店购买21次物品	46	1	7	40709	0	0	3	40709	46	1	43831	401768	0
40710	 	参与武道大会21次	46	1	7	40710	0	0	19	40710	46	2	43831	401768	0
40711	 	道馆演武挑战120次	46	1	7	40711	0	0	16	40711	46	2	43831	401768	0
40712	 	无人区探索通关2次	46	1	7	40712	0	0	27	40712	46	2	43831	401768	0
40713	 	钻石购买21次体力	46	1	7	40713	0	0	25	40713	46	1	43831	401768	0
40801	 	第8天登录	46	1	8	40801	0	0	1	40801	46	2	43831	401768	0
40802	 	拥有12个7阶觉醒角色	46	1	8	40802	0	0	2	40802	46	4	43831	401768	0
40803	 	使用特别招募券240次	46	1	8	40803	0	0	52	40803	46	4	43831	401768	0
40804	 	通关模拟训练80次	46	1	8	40804	0	0	17	40804	46	2	43831	401768	0
40805	 	通关怪人研究所40次	46	1	8	40805	0	0	40	40805	46	2	43831	401768	0
40806	 	参与区域攻防18次	46	1	8	40806	0	0	97	40806	46	2	43831	401768	0
40807	 	通关英雄试炼60次	46	1	8	40807	0	0	72	40807	46	2	43831	401768	0
40808	 	在普通商店购买24次物品	46	1	8	40808	0	0	3	40808	46	1	43831	401768	0
40809	 	参与武道大会24次	46	1	8	40809	0	0	19	40809	46	2	43831	401768	0
40810	 	道馆演武挑战140次	46	1	8	40810	0	0	16	40810	46	2	43831	401768	0
40811	 	钻石购买24次体力	46	1	8	40811	0	0	25	40811	46	1	43831	401768	0
40901	 	第9天登录	46	1	9	40901	0	0	1	40901	46	2	43831	401768	0
40902	 	拥有+5角色2名	46	1	9	40902	0	0	2	40902	46	4	43831	401768	0
40903	 	拥有14个7阶觉醒角色	46	1	9	40903	0	0	2	40903	46	4	43831	401768	0
40904	 	使用特别招募券270次	46	1	9	40904	0	0	52	40904	46	2	43831	401768	0
40905	 	参与区域攻防21次	46	1	9	40905	0	0	97	40905	46	2	43831	401768	0
40906	 	通关英雄试炼70次	46	1	9	40906	0	0	72	40906	46	2	43831	401768	0
40907	 	在普通商店购买27次物品	46	1	9	40907	0	0	3	40907	46	1	43831	401768	0
40908	 	参与武道大会27次	46	1	9	40908	0	0	19	40908	46	2	43831	401768	0
40909	 	道馆演武挑战160次	46	1	9	40909	0	0	16	40909	46	2	43831	401768	0
40910	 	无人区探索通关3次	46	1	9	40910	0	0	27	40910	46	2	43831	401768	0
40911	 	钻石购买27次体力	46	1	9	40911	0	0	25	40911	46	1	43831	401768	0
41001	 	第10天登录	46	1	10	41001	0	0	1	41001	46	2	43831	401768	0
41002	 	拥有+5角色3名	46	1	10	41002	0	0	2	41002	46	4	43831	401768	0
41003	 	使用特别招募券300次	46	1	10	41003	0	0	52	41003	46	4	43831	401768	0
41004	 	通关模拟训练90次	46	1	10	41004	0	0	17	41004	46	2	43831	401768	0
41005	 	参与区域攻防24次	46	1	10	41005	0	0	97	41005	46	2	43831	401768	0
41006	 	通关英雄试炼80次	46	1	10	41006	0	0	72	41006	46	2	43831	401768	0
41007	 	在普通商店购买30次物品	46	1	10	41007	0	0	3	41007	46	1	43831	401768	0
41008	 	参与武道大会30次	46	1	10	41008	0	0	19	41008	46	2	43831	401768	0
41009	 	道馆演武挑战180次	46	1	10	41009	0	0	16	41009	46	2	43831	401768	0
41010	 	钻石购买30次体力	46	1	10	41010	0	0	25	41010	46	1	43831	401768	0
41101	 	第11天登录	46	1	11	41101	0	0	1	41101	46	2	43831	401768	0
41102	 	拥有+5角色4名	46	1	11	41102	0	0	2	41102	46	4	43831	401768	0
41103	 	使用特别招募券330次	46	1	11	41103	0	0	52	41103	46	4	43831	401768	0
41104	 	参与区域攻防27次	46	1	11	41104	0	0	97	41104	46	2	43831	401768	0
41105	 	通关英雄试炼90次	46	1	11	41105	0	0	72	41105	46	2	43831	401768	0
41106	 	在普通商店购买33次物品	46	1	11	41106	0	0	3	41106	46	1	43831	401768	0
41107	 	参与武道大会33次	46	1	11	41107	0	0	19	41107	46	2	43831	401768	0
41108	 	道馆演武挑战200次	46	1	11	41108	0	0	16	41108	46	2	43831	401768	0
41109	 	无人区探索通关4次	46	1	11	41109	0	0	27	41109	46	2	43831	401768	0
41110	 	钻石购买33次体力	46	1	11	41110	0	0	25	41110	46	1	43831	401768	0
41201	 	第12天登录	46	1	12	41201	0	0	1	41201	46	2	43831	401768	0
41202	 	拥有+5角色5名	46	1	12	41202	0	0	2	41202	46	4	43831	401768	0
41203	 	使用特别招募券360次	46	1	12	41203	0	0	52	41203	46	4	43831	401768	0
41204	 	通关模拟训练100次	46	1	12	41204	0	0	17	41204	46	2	43831	401768	0
41205	 	参与区域攻防30次	46	1	12	41205	0	0	97	41205	46	2	43831	401768	0
41206	 	通关英雄试炼100次	46	1	12	41206	0	0	72	41206	46	2	43831	401768	0
41207	 	在普通商店购买36次物品	46	1	12	41207	0	0	3	41207	46	1	43831	401768	0
41208	 	参与武道大会36次	46	1	12	41208	0	0	19	41208	46	2	43831	401768	0
41209	 	道馆演武挑战220次	46	1	12	41209	0	0	16	41209	46	2	43831	401768	0
41210	 	钻石购买36次体力	46	1	12	41210	0	0	25	41210	46	1	43831	401768	0
41301	 	第13天登录	46	1	13	41301	0	0	1	41301	46	2	43831	401768	0
41302	 	拥有+5角色6名	46	1	13	41302	0	0	2	41302	46	4	43831	401768	0
41303	 	使用特别招募券390次	46	1	13	41303	0	0	52	41303	46	4	43831	401768	0
41304	 	参与区域攻防33次	46	1	13	41304	0	0	97	41304	46	2	43831	401768	0
41305	 	通关英雄试炼110次	46	1	13	41305	0	0	72	41305	46	2	43831	401768	0
41306	 	在普通商店购买39次物品	46	1	13	41306	0	0	3	41306	46	1	43831	401768	0
41307	 	参与武道大会39次	46	1	13	41307	0	0	19	41307	46	2	43831	401768	0
41308	 	道馆演武挑战240次	46	1	13	41308	0	0	16	41308	46	2	43831	401768	0
41309	 	无人区探索通关5次	46	1	13	41309	0	0	27	41309	46	2	43831	401768	0
41310	 	钻石购买39次体力	46	1	13	41310	0	0	25	41310	46	1	43831	401768	0
41401	 	第14天登录	46	1	14	41401	0	0	1	41401	46	2	43831	401768	0
41402	 	拥有6个70级角色	46	1	14	41402	0	0	2	41402	46	4	43831	401768	0
41403	 	使用特别招募券420次	46	1	14	41403	0	0	52	41403	46	4	43831	401768	0
41404	 	通关模拟训练110次	46	1	14	41404	0	0	17	41404	46	2	43831	401768	0
41405	 	参与区域攻防36次	46	1	14	41405	0	0	97	41405	46	2	43831	401768	0
41406	 	通关英雄试炼120次	46	1	14	41406	0	0	72	41406	46	2	43831	401768	0
41407	 	在普通商店购买42次物品	46	1	14	41407	0	0	3	41407	46	1	43831	401768	0
41408	 	参与武道大会42次	46	1	14	41408	0	0	19	41408	46	2	43831	401768	0
41409	 	道馆演武挑战260次	46	1	14	41409	0	0	16	41409	46	2	43831	401768	0
41410	 	钻石购买42次体力	46	1	14	41410	0	0	25	41410	46	1	43831	401768	0
93001	每日任务	每日登录	73	1	1	93001	20000230	20000230	0	93001	0	0	43831	401768	0
93002	每日任务	完成所有日常任务	73	1	1	93002	20000231	20000231	78	93002	0	0	43831	401768	0
93003	每日任务	领取60分钟治安委派奖励	73	1	1	93003	20000231	20000231	15	93003	0	0	43831	401768	0
93004	 	道馆演武胜利100次	73	1	1	93004	20000232	20000232	16	93004	0	0	43831	401768	0
93005	 	拥有12件紫色及以上+6源核	73	1	1	93005	20000232	20000232	2	93005	0	0	43831	401768	0
93006	 	拥有6个突破+5角色	73	1	1	93006	20000232	20000232	2	93006	0	0	43831	401768	0
93007	 	通关战栗的龙卷演练中心	73	1	1	93007	20000232	20000232	140	93007	0	0	43831	401768	0
93008	 	通关全息调查28章	73	1	1	93008	20000232	20000232	12	93008	0	0	43831	401768	0
93051	每日任务	每日登录	73	2	1	93051	20000230	20000230	0	93051	0	0	43831	401768	0
93052	每日任务	完成所有日常任务	73	2	1	93052	20000231	20000231	78	93052	0	0	43831	401768	0
93053	每日任务	领取60分钟治安委派奖励	73	2	1	93053	20000231	20000231	15	93053	0	0	43831	401768	0
93054	 	累计消耗体力1800体力	73	2	1	93054	20000232	20000232	12	93054	0	0	43831	401768	0
93055	 	拥有24件紫色+6源核	73	2	1	93055	20000232	20000232	2	93055	0	0	43831	401768	0
93056	 	拥有6个突破+6角色	73	2	1	93056	20000232	20000232	2	93056	0	0	43831	401768	0
93057	 	通关超合金黑光演练中心	73	2	1	93057	20000232	20000232	141	93057	0	0	43831	401768	0
93058	 	武道大会段位到达王者	73	2	1	93058	20000232	20000232	19	93058	0	0	43831	401768	0
93101	每日任务	每日登录	73	3	1	93101	20000230	20000230	0	93101	0	0	43831	401768	0
93102	每日任务	完成所有日常任务	73	3	1	93102	20000231	20000231	78	93102	0	0	43831	401768	0
93103	每日任务	领取60分钟治安委派奖励	73	3	1	93103	20000231	20000231	15	93103	0	0	43831	401768	0
93104	 	累计消耗体力1800体力	73	3	1	93104	20000232	20000232	12	93104	0	0	43831	401768	0
93105	 	拥有42件紫色+9源核	73	3	1	93105	20000232	20000232	2	93105	0	0	43831	401768	0
93106	 	拥有6个突破+7角色	73	3	1	93106	20000232	20000232	2	93106	0	0	43831	401768	0
93107	 	通关闪光弗莱士演练中心	73	3	1	93107	20000232	20000232	142	93107	0	0	43831	401768	0
93108	 	参与区域攻防40次	73	3	1	93108	20000232	20000232	97	93108	0	0	43831	401768	0
93151	每日任务	每日登录	141	3	1	93151	20000230	20000230	0	93151	0	0	43831	401768	0
93152	每日任务	完成所有日常任务	141	3	1	93152	20000231	20000231	78	93152	0	0	43831	401768	0
93153	每日任务	领取60分钟治安委派奖励	141	3	1	93153	20000231	20000231	15	93153	0	0	43831	401768	0
93154	 	累计消耗体力1800体力	141	3	1	93154	20000232	20000232	12	93154	0	0	43831	401768	0
93155	 	拥有42件紫色+9源核	141	3	1	93155	20000232	20000232	2	93155	0	0	43831	401768	0
93156	 	拥有6个突破+7角色	141	3	1	93156	20000232	20000232	2	93156	0	0	43831	401768	0
93157	 	通关闪光弗莱士演练中心	141	3	1	93157	20000232	20000232	142	93157	0	0	43831	401768	0
93158	 	参与区域攻防40次	141	3	1	93158	20000232	20000232	97	93158	0	0	43831	401768	0
91001	 	等级达到10级	79	1	1	91001	20000131	20000131	14	91001	0	0	43831	401768	0
91002	 	等级达到15级	79	1	1	91002	20000028	20000028	14	91002	0	0	43831	401768	0
91003	 	等级达到20级	79	1	1	91003	20000028	20000028	14	91003	0	0	43831	401768	0
91004	 	等级达到25级	79	1	1	91004	20000028	20000028	14	91004	0	0	43831	401768	0
91005	 	等级达到30级	79	1	1	91005	20000028	20000028	14	91005	0	0	43831	401768	0
91006	 	等级达到35级	79	1	1	91006	20000029	20000029	14	91006	0	0	43831	401768	0
91007	 	等级达到40级	79	1	1	91007	20000029	20000029	14	91007	0	0	43831	401768	0
91008	 	等级达到45级	79	1	1	91008	20000029	20000029	14	91008	0	0	43831	401768	0
91009	 	等级达到50级	79	1	1	91009	20000029	20000029	14	91009	0	0	43831	401768	0
91010	 	等级达到55级	79	1	1	91010	20000029	20000029	14	91010	0	0	43831	401768	0
91011	 	等级达到60级	79	1	1	91011	20000029	20000029	14	91011	0	0	43831	401768	0
92001	 	通关全息调查第5章	80	1	1	92001	20000031	20000031	12	92001	0	0	43831	401768	0
92002	 	通关全息调查第6章	80	1	1	92002	20000030	20000030	12	92002	0	0	43831	401768	0
92003	 	通关全息调查第7章	80	1	1	92003	20000030	20000030	12	92003	0	0	43831	401768	0
92004	 	通关全息调查第8章	80	1	1	92004	20000030	20000030	12	92004	0	0	43831	401768	0
92005	 	通关全息调查第9章	80	1	1	92005	20000030	20000030	12	92005	0	0	43831	401768	0
92006	 	通关全息调查第10章	80	1	1	92006	20000030	20000030	12	92006	0	0	43831	401768	0
92007	 	通关全息调查第11章	80	1	1	92007	20000030	20000030	12	92007	0	0	43831	401768	0
92008	 	通关全息调查第12章	80	1	1	92008	20000030	20000030	12	92008	0	0	43831	401768	0
92009	 	通关全息调查第13章	80	1	1	92009	20000030	20000030	12	92009	0	0	43831	401768	0
92010	 	通关全息调查第14章	80	1	1	92010	20000030	20000030	12	92010	0	0	43831	401768	0
92011	 	通关全息调查第15章	80	1	1	92011	20000030	20000030	12	92011	0	0	43831	401768	0
92012	 	通关全息调查第16章	80	1	1	92012	20000030	20000030	12	92012	0	0	43831	401768	0
92013	 	通关全息调查第17章	80	1	1	92013	20000030	20000030	12	92013	0	0	43831	401768	0
92014	 	通关全息调查第18章	80	1	1	92014	20000030	20000030	12	92014	0	0	43831	401768	0
92015	 	通关全息调查第19章	80	1	1	92015	20000030	20000030	12	92015	0	0	43831	401768	0
92016	 	通关全息调查第20章	80	1	1	92016	20000030	20000030	12	92016	0	0	43831	401768	0
92017	 	通关全息调查第21章	80	1	1	92017	20000030	20000030	12	92017	0	0	43831	401768	0
92018	 	通关全息调查第22章	80	1	1	92018	20000030	20000030	12	92018	0	0	43831	401768	0
92019	 	通关全息调查第23章	80	1	1	92019	20000030	20000030	12	92019	0	0	43831	401768	0
92020	 	通关全息调查第24章	80	1	1	92020	20000030	20000030	12	92020	0	0	43831	401768	0
92021	 	通关全息调查第25章	80	1	1	92021	20000030	20000030	12	92021	0	0	43831	401768	0
92022	 	通关全息调查第26章	80	1	1	92022	20000030	20000030	12	92022	0	0	43831	401768	0
92023	 	通关全息调查第27章	80	1	1	92023	20000030	20000030	12	92023	0	0	43831	401768	0
92024	 	通关全息调查第28章	80	1	1	92024	20000030	20000030	12	92024	0	0	43831	401768	0
92025	 	通关全息调查第29章	80	1	1	92025	20000030	20000030	12	92025	0	0	43831	401768	0
92026	 	通关全息调查第30章	80	1	1	92026	20000030	20000030	12	92026	0	0	43831	401768	0
50101	 	累计充值达到36元	75	1	1	50101	20000072	20000072	51	50101	0	0	43831	401768	0
50102	 	累计充值达到70元	75	1	1	50102	20000073	20000073	51	50102	0	0	43831	401768	0
50103	 	累计充值达到108元	75	1	1	50103	20000074	20000074	51	50103	0	0	43831	401768	0
50104	 	累计充值达到168元	75	1	1	50104	20000075	20000075	51	50104	0	0	43831	401768	0
50105	 	累计充值达到348元	75	1	1	50105	20000076	20000076	51	50105	0	0	43831	401768	0
50106	 	累计充值达到668元	75	1	1	50106	20000077	20000077	51	50106	0	0	43831	401768	0
50107	 	累计充值达到1300元	75	1	1	50107	20000078	20000078	51	50107	0	0	43831	401768	0
50108	 	累计充值达到1999元	75	1	1	50108	20000233	20000233	51	50108	0	0	43831	401768	0
50109	 	累计充值达到2998元	75	1	1	50109	20000234	20000234	51	50109	0	0	43831	401768	0
50121	 	累计充值达到36元	75	2	1	50121	20000340	20000340	51	50121	0	0	43831	401768	0
50122	 	累计充值达到70元	75	2	1	50122	20000341	20000341	51	50122	0	0	43831	401768	0
50123	 	累计充值达到108元	75	2	1	50123	20000342	20000342	51	50123	0	0	43831	401768	0
50124	 	累计充值达到168元	75	2	1	50124	20000343	20000343	51	50124	0	0	43831	401768	0
50125	 	累计充值达到348元	75	2	1	50125	20000344	20000344	51	50125	0	0	43831	401768	0
50126	 	累计充值达到668元	75	2	1	50126	20000345	20000077	51	50126	0	0	43831	401768	0
50127	 	累计充值达到1300元	75	2	1	50127	20000346	20000346	51	50127	0	0	43831	401768	0
50128	 	累计充值达到1999元	75	2	1	50128	20000347	20000347	51	50128	0	0	43831	401768	0
50129	 	累计充值达到2998元	75	2	1	50129	20000348	20000348	51	50129	0	0	43831	401768	0
50131	 	累计充值500元	145	1	1	50131	20000543	20000543	51	50131	0	0	43831	401768	0
50132	 	累计充值2000元	145	1	1	50132	20000544	20000544	51	50132	0	0	43831	401768	0
50133	 	累计充值5000元	145	1	1	50133	20000545	20000545	51	50133	0	0	43831	401768	0
50134	 	累计充值10000元	145	1	1	50134	20000546	20000546	51	50134	0	0	43831	401768	0
50135	 	累计充值15000元	145	1	1	50135	20000547	20000547	51	50135	0	0	43831	401768	0
50136	 	累计充值20000元	145	1	1	50136	20000548	20000548	51	50136	0	0	43831	401768	0
50137	 	累计充值25000元	145	1	1	50137	20000549	20000549	51	50137	0	0	43831	401768	0
50138	 	累计充值35000元	145	1	1	50138	20000550	20000550	51	50138	0	0	43831	401768	0
94001	 	段位到达青铜I	84	1	1	94001	110201	110201	19	94001	0	0	43831	401768	0
94002	 	段位到达白银II	84	1	1	94002	110202	110202	19	94002	0	0	43831	401768	0
94003	 	段位到达白银I	84	1	1	94003	110203	110203	19	94003	0	0	43831	401768	0
94004	 	段位到达黄金II	84	1	1	94004	110204	110204	19	94004	0	0	43831	401768	0
94005	 	段位到达黄金I	84	1	1	94005	110205	110205	19	94005	0	0	43831	401768	0
94006	 	段位到达铂金III	84	1	1	94006	110206	110206	19	94006	0	0	43831	401768	0
94007	 	段位到达铂金II	84	1	1	94007	110207	110207	19	94007	0	0	43831	401768	0
94008	 	段位到达铂金I	84	1	1	94008	110208	110208	19	94008	0	0	43831	401768	0
94009	 	段位到达王者	84	1	1	94009	110209	110209	19	94009	0	0	43831	401768	0
94010	 	每日参与5次	84	2	1	94010	20000693	20000693	19	94010	0	0	43831	401768	0
94011	 	每日胜利3次	84	2	1	94011	20000694	20000694	19	94011	0	0	43831	401768	0
94012	 	连续胜利10次	84	2	1	94012	20000695	20000695	19	94012	0	0	43831	401768	0
94013	 	累计参与50次	84	2	1	94013	20000696	20000696	19	94013	0	0	43831	401768	0
94014	 	累计胜利30次	84	2	1	94014	20000697	20000697	19	94014	0	0	43831	401768	0
94015	 	段位到达青铜I	84	2	1	94015	20000698	20000698	19	94015	0	0	43831	401768	0
94016	 	段位到达白银I	84	2	1	94016	20000699	20000699	19	94016	0	0	43831	401768	0
94017	 	段位到达黄金I	84	2	1	94017	20000700	20000700	19	94017	0	0	43831	401768	0
94018	 	段位到达铂金I	84	2	1	94018	20000701	20000701	19	94018	0	0	43831	401768	0
94019	 	段位到达王者	84	2	1	94019	20000702	20000702	19	94019	0	0	43831	401768	0
94020	 	每日参与5次	84	3	1	94020	20000811	20000811	19	94020	0	0	43831	401768	0
94021	 	每日胜利3次	84	3	1	94021	20000812	20000812	19	94021	0	0	43831	401768	0
94022	 	累计参与60次	84	3	1	94022	20000813	20000813	19	94022	0	0	43831	401768	0
94023	 	累计胜利35次	84	3	1	94023	20000814	20000814	19	94023	0	0	43831	401768	0
94024	 	段位到达青铜I	84	3	1	94024	20000815	20000815	19	94024	0	0	43831	401768	0
94025	 	段位到达白银I	84	3	1	94025	20000816	20000816	19	94025	0	0	43831	401768	0
94026	 	段位到达黄金I	84	3	1	94026	20000817	20000817	19	94026	0	0	43831	401768	0
94027	 	段位到达铂金I	84	3	1	94027	20000818	20000818	19	94027	0	0	43831	401768	0
94028	 	段位到达王者	84	3	1	94028	20000819	20000819	19	94028	0	0	43831	401768	0
94029	 	每日参与5次	84	4	1	94029	20000811	20000811	19	94029	0	0	43831	401768	0
94030	 	每日胜利3次	84	4	1	94030	20000812	20000812	19	94030	0	0	43831	401768	0
94031	 	累计参与60次	84	4	1	94031	20000813	20000813	19	94031	0	0	43831	401768	0
94032	 	累计胜利35次	84	4	1	94032	20000814	20000814	19	94032	0	0	43831	401768	0
94033	 	段位到达青铜I	84	4	1	94033	20000815	20000815	19	94033	0	0	43831	401768	0
94034	 	段位到达白银I	84	4	1	94034	20000816	20000816	19	94034	0	0	43831	401768	0
94035	 	段位到达黄金I	84	4	1	94035	20000817	20000817	19	94035	0	0	43831	401768	0
94036	 	段位到达铂金I	84	4	1	94036	20000818	20000818	19	94036	0	0	43831	401768	0
94037	 	段位到达王者	84	4	1	94037	20000819	20000819	19	94037	0	0	43831	401768	0
96001	 	 	91	2	1	96001	0	0	0	0	0	0	43831	401768	0
96002	 	 	91	2	1	96002	0	0	0	0	0	0	43831	401768	0
96003	 	 	91	3	1	96003	0	0	0	0	0	0	43831	401768	0
96004	 	 	91	3	1	96004	0	0	0	0	0	0	43831	401768	0
96005	 	 	91	1	1	96005	0	0	0	0	0	0	43831	401768	0
96006	 	 	91	1	1	96006	0	0	0	0	0	0	43831	401768	0
96007	 	 	142	1	1	96007	0	0	0	0	0	0	43831	401768	0
96008	 	 	142	1	1	96008	0	0	0	0	0	0	43831	401768	0
96009	 	 	142	2	1	96009	0	0	0	0	0	0	43831	401768	0
96010	 	 	142	2	1	96010	0	0	0	0	0	0	43831	401768	0
96011	 	 	142	3	1	96011	0	0	0	0	0	0	43831	401768	0
96012	 	 	142	3	1	96012	0	0	0	0	0	0	43831	401768	0
96013	 	 	142	4	1	96013	0	0	0	0	0	0	43831	401768	0
96014	 	 	142	4	1	96014	0	0	0	0	0	0	43831	401768	0
96015	 	 	142	5	1	96015	0	0	0	0	0	0	43831	401768	0
96016	 	 	142	5	1	96016	0	0	0	0	0	0	43831	401768	0
96017	 	 	142	6	1	96017	0	0	0	0	0	0	43831	401768	0
96018	 	 	142	6	1	96018	0	0	0	0	0	0	43831	401768	0
96019	 	 	142	7	1	96019	0	0	0	0	0	0	43831	401768	0
96020	 	 	142	7	1	96020	0	0	0	0	0	0	43831	401768	0
96021	 	 	142	8	1	96021	0	0	0	0	0	0	43831	401768	0
96022	 	 	142	8	1	96022	0	0	0	0	0	0	43831	401768	0
96023	 	 	142	9	1	96023	0	0	0	0	0	0	43831	401768	0
96024	 	 	142	9	1	96024	0	0	0	0	0	0	43831	401768	0
96025	 	 	142	10	1	96025	0	0	0	0	0	0	43831	401768	0
96026	 	 	142	10	1	96026	0	0	0	0	0	0	43831	401768	0
96027	 	 	142	11	1	96027	0	0	0	0	0	0	43831	401768	0
96028	 	 	142	11	1	96028	0	0	0	0	0	0	43831	401768	0
96029	 	 	142	12	1	96029	0	0	0	0	0	0	43831	401768	0
96030	 	 	142	12	1	96030	0	0	0	0	0	0	43831	401768	0
96031	 	 	142	13	1	96031	0	0	0	0	0	0	43831	401768	0
96032	 	 	142	13	1	96032	0	0	0	0	0	0	43831	401768	0
96033	 	 	142	14	1	96033	0	0	0	0	0	0	43831	401768	0
96034	 	 	142	14	1	96034	0	0	0	0	0	0	43831	401768	0
96503	 	每日参与限定招募10次	92	2	1	96503	20000100	20000100	138	96503	0	0	43831	401768	0
96504	 	每日参与限定招募30次	92	2	1	96504	20000101	20000101	138	96504	0	0	43831	401768	0
96505	 	累计参与限定招募50次	92	2	1	96505	20000102	20000102	138	96505	0	0	43831	401768	0
96506	 	累计参与限定招募70次	92	2	1	96506	20000103	20000103	138	96506	0	0	43831	401768	0
96507	 	累计参与限定招募100次	92	2	1	96507	20000104	20000104	138	96507	0	0	43831	401768	0
96508	 	累计参与限定招募200次	92	2	1	96508	20000105	20000105	138	96508	0	0	43831	401768	0
96509	 	累计参与限定招募300次	92	2	1	96509	20000106	20000106	138	96509	0	0	43831	401768	0
96510	 	累计参与限定招募500次	92	2	1	96510	20000107	20000107	138	96510	0	0	43831	401768	0
96511	 	累计参与限定招募650次	92	2	1	96511	20000108	20000108	138	96511	0	0	43831	401768	0
96512	 	累计参与限定招募900次	92	2	1	96512	20000109	20000109	138	96512	0	0	43831	401768	0
96513	 	每日参与限定招募10次	92	3	1	96513	20000100	20000100	139	96513	0	0	43831	401768	0
96514	 	每日参与限定招募30次	92	3	1	96514	20000101	20000101	139	96514	0	0	43831	401768	0
96515	 	累计参与限定招募50次	92	3	1	96515	20000102	20000102	139	96515	0	0	43831	401768	0
96516	 	累计参与限定招募70次	92	3	1	96516	20000103	20000103	139	96516	0	0	43831	401768	0
96517	 	累计参与限定招募100次	92	3	1	96517	20000104	20000104	139	96517	0	0	43831	401768	0
96518	 	累计参与限定招募200次	92	3	1	96518	20000105	20000105	139	96518	0	0	43831	401768	0
96519	 	累计参与限定招募300次	92	3	1	96519	20000106	20000106	139	96519	0	0	43831	401768	0
96520	 	累计参与限定招募500次	92	3	1	96520	20000107	20000107	139	96520	0	0	43831	401768	0
96521	 	累计参与限定招募650次	92	3	1	96521	20000108	20000108	139	96521	0	0	43831	401768	0
96522	 	累计参与限定招募900次	92	3	1	96522	20000109	20000109	139	96522	0	0	43831	401768	0
96523	 	每日参与限定招募10次	92	1	1	96513	20000100	20000100	105	96523	0	0	43831	401768	0
96524	 	每日参与限定招募30次	92	1	1	96514	20000101	20000101	105	96524	0	0	43831	401768	0
96525	 	累计参与限定招募50次	92	1	1	96515	20000102	20000102	105	96525	0	0	43831	401768	0
96526	 	累计参与限定招募70次	92	1	1	96516	20000103	20000103	105	96526	0	0	43831	401768	0
96527	 	累计参与限定招募100次	92	1	1	96517	20000104	20000104	105	96527	0	0	43831	401768	0
96528	 	累计参与限定招募200次	92	1	1	96518	20000105	20000105	105	96528	0	0	43831	401768	0
96529	 	累计参与限定招募300次	92	1	1	96519	20000106	20000106	105	96529	0	0	43831	401768	0
96530	 	累计参与限定招募500次	92	1	1	96520	20000107	20000107	105	96530	0	0	43831	401768	0
96531	 	累计参与限定招募650次	92	1	1	96521	20000108	20000108	105	96531	0	0	43831	401768	0
96532	 	累计参与限定招募900次	92	1	1	96522	20000109	20000109	105	96532	0	0	43831	401768	0
96533	 	每日参与限定招募10次	143	1	1	96533	20000100	20000100	105	96533	0	0	43831	401768	0
96534	 	每日参与限定招募30次	143	1	1	96534	20000101	20000101	105	96534	0	0	43831	401768	0
96535	 	累计参与限定招募50次	143	1	1	96535	20000102	20000102	105	96535	0	0	43831	401768	0
96536	 	累计参与限定招募70次	143	1	1	96536	20000103	20000103	105	96536	0	0	43831	401768	0
96537	 	累计参与限定招募100次	143	1	1	96537	20000104	20000104	105	96537	0	0	43831	401768	0
96538	 	累计参与限定招募200次	143	1	1	96538	20000105	20000105	105	96538	0	0	43831	401768	0
96539	 	累计参与限定招募300次	143	1	1	96539	20000106	20000106	105	96539	0	0	43831	401768	0
96540	 	累计参与限定招募500次	143	1	1	96540	20000107	20000107	105	96540	0	0	43831	401768	0
96541	 	累计参与限定招募650次	143	1	1	96541	20000108	20000108	105	96541	0	0	43831	401768	0
96542	 	累计参与限定招募900次	143	1	1	96542	20000109	20000109	105	96542	0	0	43831	401768	0
96543	 	拥有SR盔甲大猩猩	143	2	1	96543	20000579	20000579	53	96543	0	0	43831	401768	0
96544	 	拥有SR兽王	143	2	1	96544	20000580	20000580	53	96544	0	0	43831	401768	0
96545	 	拥有SSR蚊娘	143	2	1	96545	20000581	20000581	68	96545	0	0	43831	401768	0
96546	 	拥有SSR阿修罗独角仙	143	2	1	96546	20000582	20000582	53	96546	0	0	43831	401768	0
96547	 	拥有突破+5 SSR阿修罗独角仙	143	2	1	96547	20000583	20000583	2	96547	0	0	43831	401768	0
96548	 	拥有突破+5 SSR蚊娘	143	2	1	96548	20000584	20000584	2	96548	0	0	43831	401768	0
96549	 	拥有SSR战栗的龙卷	143	3	1	96549	20000585	20000585	77	96549	0	0	43831	401768	0
96550	 	拥有SSR超合金黑光	143	3	1	96550	20000586	20000586	77	96550	0	0	43831	401768	0
96551	 	拥有SSR僵尸男	143	3	1	96551	20000587	20000587	77	96551	0	0	43831	401768	0
96552	 	拥有SSR闪光弗莱士	143	3	1	96552	20000588	20000588	77	96552	0	0	43831	401768	0
96553	 	拥有SSR警犬侠	143	3	1	96553	20000589	20000589	77	96553	0	0	43831	401768	0
96554	 	拥有突破+5 SSR警犬侠	143	3	1	96554	20000590	20000590	2	96554	0	0	43831	401768	0
96555	 	拥有背心猛虎	143	4	1	96555	20000657	20000657	159	96555	0	0	43831	401768	0
96556	 	拥有背心黑洞	143	4	1	96556	20000658	20000658	159	96556	0	0	43831	401768	0
96557	 	拥有+5背心猛虎	143	4	1	96557	20000659	20000659	2	96557	0	0	43831	401768	0
96558	 	拥有+5背心黑洞	143	4	1	96558	20000660	20000660	2	96558	0	0	43831	401768	0
96559	 	拥有背心尊者	143	4	1	96559	20000661	20000661	159	96559	0	0	43831	401768	0
96560	 	拥有+5背心尊者	143	4	1	96560	20000662	20000662	2	96560	0	0	43831	401768	0
96567	 	拥有SR兽王	143	7	1	96567	20000804	20000804	2	96567	0	0	43831	401768	0
96568	 	拥有SR盔甲大猩猩	143	7	1	96568	20000805	20000805	2	96568	0	0	43831	401768	0
96569	 	拥有SSR阿修罗独角仙	143	7	1	96569	20000806	20000806	2	96569	0	0	43831	401768	0
96570	 	拥有SSR蚊娘	143	7	1	96570	20000807	20000807	2	96570	0	0	43831	401768	0
96571	 	拥有SSR深海王	143	7	1	96571	20000808	20000808	2	96571	0	0	43831	401768	0
96572	 	拥有SSR疫苗人	143	7	1	96572	20000809	20000809	168	96572	0	0	43831	401768	0
96573	 	拥有6星SSR疫苗人	143	7	1	96573	20000810	20000810	2	96573	0	0	43831	401768	0
96561	 	拥有SR兽王	143	5	1	96561	20000709	20000709	2	96561	0	0	43831	401768	0
96562	 	拥有SR盔甲大猩猩	143	5	1	96562	20000709	20000709	2	96562	0	0	43831	401768	0
96563	 	拥有SSR阿修罗独角仙	143	5	1	96563	20000709	20000709	2	96563	0	0	43831	401768	0
96564	 	拥有SSR蚊娘	143	5	1	96564	20000709	20000709	2	96564	0	0	43831	401768	0
96565	 	拥有SSR深海王	143	5	1	96565	20000713	20000713	164	96565	0	0	43831	401768	0
96566	 	拥有6星SSR深海王	143	5	1	96566	20000713	20000713	2	96566	0	0	43831	401768	0
96574	 	每日消耗体力500点	143	6	1	96574	20000750	20000750	12	96574	0	0	43831	401768	0
96575	 	每日完成全部日常任务	143	6	1	96575	20000751	20000751	78	96575	0	0	43831	401768	0
96576	 	每日武道大会胜利5次	143	6	1	96576	20000752	20000752	19	96576	0	0	43831	401768	0
96577	 	通关无人区4次	143	6	1	96577	20000753	20000753	27	96577	0	0	43831	401768	0
96578	 	完成小游戏15次	143	6	1	96578	20000754	20000754	13	96578	0	0	43831	401768	0
96579	 	完成社团任务35次	143	6	1	96579	20000755	20000755	5	96579	0	0	43831	401768	0
96580	 	区域攻防胜利40次	143	6	1	96580	20000756	20000756	97	96580	0	0	43831	401768	0
96581	 	消耗体力3000点	143	6	1	96581	20000757	20000757	12	96581	0	0	43831	401768	0
96582	 	每日消耗体力500点	143	8	1	96582	20000820	20000820	12	96582	0	0	43831	401768	0
96583	 	每日完成全部日常任务	143	8	1	96583	20000821	20000821	78	96583	0	0	43831	401768	0
96584	 	每日区域攻防胜利5次	143	8	1	96584	20000822	20000822	97	96584	0	0	43831	401768	0
96585	 	通关无人区4次	143	8	1	96585	20000823	20000823	27	96585	0	0	43831	401768	0
96586	 	完成小游戏15次	143	8	1	96586	20000824	20000824	13	96586	0	0	43831	401768	0
96587	 	完成社团任务35次	143	8	1	96587	20000825	20000825	5	96587	0	0	43831	401768	0
96588	 	完成25次社团讨伐	143	8	1	96588	20000826	20000826	5	96588	0	0	43831	401768	0
96589	 	消耗体力3000点	143	8	1	96589	20000827	20000827	12	96589	0	0	43831	401768	0
96590	 	每日消耗体力500点	143	9	1	96590	20000820	20000820	12	96590	0	0	43831	401768	0
96591	 	每日完成全部日常任务	143	9	1	96591	20000821	20000821	78	96591	0	0	43831	401768	0
96592	 	每日区域攻防胜利5次	143	9	1	96592	20000822	20000822	97	96592	0	0	43831	401768	0
96593	 	通关无人区4次	143	9	1	96593	20000823	20000823	27	96593	0	0	43831	401768	0
96594	 	完成小游戏15次	143	9	1	96594	20000824	20000824	13	96594	0	0	43831	401768	0
96595	 	完成社团任务35次	143	9	1	96595	20000825	20000825	5	96595	0	0	43831	401768	0
96596	 	完成25次社团讨伐	143	9	1	96596	20000826	20000826	5	96596	0	0	43831	401768	0
96597	 	消耗体力3000点	143	9	1	96597	20000827	20000827	12	96597	0	0	43831	401768	0
96600	 	拥有SSR阿修罗独角仙	143	10	1	96600	20000713	20000713	2	96600	0	0	43831	401768	0
96601	 	拥有SSR蚊娘	143	10	1	96601	20000713	20000713	2	96601	0	0	43831	401768	0
96602	 	拥有SSR深海王	143	10	1	96602	20000713	20000713	2	96602	0	0	43831	401768	0
96603	 	拥有SSR疫苗人	143	10	1	96603	20000713	20000713	2	96603	0	0	43831	401768	0
96604	 	拥有SSR地底王	143	10	1	96604	20000713	20000713	173	96604	0	0	43831	401768	0
96605	 	拥有6星SSR地底王	143	10	1	96605	20000714	20000714	2	96605	0	0	43831	401768	0
96606	 	每日消耗体力500点	143	11	1	96606	20000820	20000820	12	96606	0	0	43831	401768	0
96607	 	每日完成全部日常任务	143	11	1	96607	20000821	20000821	78	96607	0	0	43831	401768	0
96608	 	每日区域攻防胜利5次	143	11	1	96608	20000822	20000822	97	96608	0	0	43831	401768	0
96609	 	通关无人区4次	143	11	1	96609	20000823	20000823	27	96609	0	0	43831	401768	0
96610	 	完成小游戏15次	143	11	1	96610	20000824	20000824	13	96610	0	0	43831	401768	0
96611	 	完成社团任务35次	143	11	1	96611	20000825	20000825	5	96611	0	0	43831	401768	0
96612	 	完成25次社团讨伐	143	11	1	96612	20000826	20000826	5	96612	0	0	43831	401768	0
96613	 	消耗体力3000点	143	11	1	96613	20000827	20000827	12	96613	0	0	43831	401768	0
96614	 	拥有战栗的龙卷	143	12	1	96614	20000713	20000713	2	96614	0	0	43831	401768	0
96615	 	拥有超合金黑光	143	12	1	96615	20000713	20000713	2	96615	0	0	43831	401768	0
96616	 	拥有僵尸男	143	12	1	96616	20000713	20000713	2	96616	0	0	43831	401768	0
96617	 	拥有闪光弗莱士	143	12	1	96617	20000713	20000713	2	96617	0	0	43831	401768	0
96618	 	拥有警犬侠	143	12	1	96618	20000713	20000713	2	96618	0	0	43831	401768	0
96619	 	拥有猪神	143	12	1	96619	20000714	20000714	176	96619	0	0	43831	401768	0
96620	 	拥有6星SSR猪神	143	12	1	96620	20000714	20000714	2	96620	0	0	43831	401768	0
96621	 	每日消耗体力500点	143	13	1	96621	20000820	20000820	12	96621	0	0	43831	401768	0
96622	 	每日完成全部日常任务	143	13	1	96622	20000821	20000821	78	96622	0	0	43831	401768	0
96623	 	每日区域攻防胜利5次	143	13	1	96623	20000822	20000822	97	96623	0	0	43831	401768	0
96624	 	通关无人区4次	143	13	1	96624	20000823	20000823	27	96624	0	0	43831	401768	0
96625	 	完成小游戏15次	143	13	1	96625	20000824	20000824	13	96625	0	0	43831	401768	0
96626	 	完成社团任务35次	143	13	1	96626	20000825	20000825	5	96626	0	0	43831	401768	0
96627	 	完成25次社团讨伐	143	13	1	96627	20000826	20000826	5	96627	0	0	43831	401768	0
96628	 	消耗体力3000点	143	13	1	96628	20000827	20000827	12	96628	0	0	43831	401768	0
96637	 	每日参与限定招募10次	85	2	1	96637	20000856	20000856	179	96637	0	0	43831	401768	0
96638	 	每日参与限定招募30次	85	2	1	96638	20000857	20000857	179	96638	0	0	43831	401768	0
96639	 	累计参与限定招募50次	85	2	1	96639	20000858	20000858	179	96639	0	0	43831	401768	0
96640	 	累计参与限定招募70次	85	2	1	96640	20000859	20000859	179	96640	0	0	43831	401768	0
96641	 	累计参与限定招募100次	85	2	1	96641	20000860	20000860	179	96641	0	0	43831	401768	0
96642	 	累计参与限定招募200次	85	2	1	96642	20000861	20000861	179	96642	0	0	43831	401768	0
96643	 	累计参与限定招募300次	85	2	1	96643	20000862	20000862	179	96643	0	0	43831	401768	0
96644	 	累计参与限定招募500次	85	2	1	96644	20000863	20000863	179	96644	0	0	43831	401768	0
96645	 	累计参与限定招募650次	85	2	1	96645	20000864	20000864	179	96645	0	0	43831	401768	0
96646	 	累计参与限定招募900次	85	2	1	96646	20000865	20000865	179	96646	0	0	43831	401768	0
96629	 	每日消耗体力500点	143	14	1	96629	20000820	20000820	12	96629	0	0	43831	401768	0
96630	 	每日完成全部日常任务	143	14	1	96630	20000821	20000821	78	96630	0	0	43831	401768	0
96631	 	每日区域攻防胜利5次	143	14	1	96631	20000822	20000822	97	96631	0	0	43831	401768	0
96632	 	通关无人区4次	143	14	1	96632	20000823	20000823	27	96632	0	0	43831	401768	0
96633	 	完成小游戏15次	143	14	1	96633	20000824	20000824	13	96633	0	0	43831	401768	0
96634	 	完成社团任务35次	143	14	1	96634	20000825	20000825	5	96634	0	0	43831	401768	0
96635	 	完成25次社团讨伐	143	14	1	96635	20000826	20000826	5	96635	0	0	43831	401768	0
96636	 	消耗体力3000点	143	14	1	96636	20000827	20000827	12	96636	0	0	43831	401768	0
97001	 	完成所有每日任务	99	1	1	97001	20000079	20000079	58	97001	0	0	43831	401768	0
97002	 	参与武道大会20次	99	1	1	97002	20000080	20000080	19	97002	0	0	43831	401768	0
97003	 	参与道馆演武60次	99	1	1	97003	20000081	20000081	16	97003	0	0	43831	401768	0
97004	 	拥有6个+3角色	99	1	1	97004	20000082	20000082	2	97004	0	0	43831	401768	0
97005	 	拥有6个80级角色	99	1	1	97005	20000083	20000083	2	97005	0	0	43831	401768	0
97006	 	穿全套紫电极火花	99	1	1	97006	20000084	20000084	18	97006	0	0	43831	401768	0
97007	 	穿全套蓝电极火花	99	1	1	97007	20000085	20000085	18	97007	0	0	43831	401768	0
97008	 	拥有15个SR角色	99	1	1	97008	20000086	20000086	52	97008	0	0	43831	401768	0
97009	 	拥有12个SSR角色	99	1	1	97009	20000087	20000087	52	97009	0	0	43831	401768	0
97011	 	消耗体力400点	99	2	1	97011	20000551	20000551	12	97011	0	0	43831	401768	0
97012	 	参与武道大会10次	99	2	1	97012	20000552	20000552	19	97012	0	0	43831	401768	0
97013	 	参与道馆演武25次	99	2	1	97013	20000553	20000553	16	97013	0	0	43831	401768	0
97014	 	通关无人区4次	99	2	1	97014	20000554	20000554	27	97014	0	0	43831	401768	0
97015	 	武道大会胜利50次	99	2	1	97015	20000555	20000555	19	97015	0	0	43831	401768	0
97016	 	完成社团任务42次	99	2	1	97016	20000556	20000556	80	97016	0	0	43831	401768	0
97017	 	区域攻防胜利40次	99	2	1	97017	20000557	20000557	97	97017	0	0	43831	401768	0
97018	 	消耗体力3500点	99	2	1	97018	20000558	20000558	12	97018	0	0	43831	401768	0
97021	 	消耗体力400点	99	3	1	97021	20000559	20000559	12	97021	0	0	43831	401768	0
97022	 	参与武道大会10次	99	3	1	97022	20000560	20000560	19	97022	0	0	43831	401768	0
97023	 	参与道馆演武25次	99	3	1	97023	20000561	20000561	16	97023	0	0	43831	401768	0
97024	 	通关无人区4次	99	3	1	97024	20000562	20000562	27	97024	0	0	43831	401768	0
97025	 	武道大会胜利50次	99	3	1	97025	20000563	20000563	19	97025	0	0	43831	401768	0
97026	 	完成社团任务42次	99	3	1	97026	20000564	20000564	80	97026	0	0	43831	401768	0
97027	 	区域攻防胜利40次	99	3	1	97027	20000565	20000565	97	97027	0	0	43831	401768	0
97028	 	消耗体力3500点	99	3	1	97028	20000566	20000566	12	97028	0	0	43831	401768	0
97031	 	参与道馆演武25次	99	4	1	97031	20000784	20000784	16	97031	0	0	43831	401768	0
97032	 	完成日常任务	99	4	1	97032	20000785	20000785	78	97032	0	0	43831	401768	0
97033	 	区域攻防胜利5次	99	4	1	97033	20000786	20000786	97	97033	0	0	43831	401768	0
97034	 	完成25次社团讨伐	99	4	1	97034	20000787	20000787	5	97034	0	0	43831	401768	0
97035	 	完成小游戏15次	99	4	1	97035	20000788	20000788	28	97035	0	0	43831	401768	0
97036	 	完成社团任务35次	99	4	1	97036	20000789	20000789	5	97036	0	0	43831	401768	0
97037	 	武道大会胜利40次	99	4	1	97037	20000790	20000790	19	97037	0	0	43831	401768	0
97038	 	消耗体力3000点	99	4	1	97038	20000791	20000791	12	97038	0	0	43831	401768	0
97039	 	参与道馆演武25次	99	5	1	97039	20000784	20000784	16	97039	0	0	43831	401768	0
97040	 	完成日常任务	99	5	1	97040	20000785	20000785	78	97040	0	0	43831	401768	0
97041	 	区域攻防胜利5次	99	5	1	97041	20000786	20000786	97	97041	0	0	43831	401768	0
97042	 	完成25次社团讨伐	99	5	1	97042	20000787	20000787	5	97042	0	0	43831	401768	0
97043	 	完成小游戏15次	99	5	1	97043	20000788	20000788	28	97043	0	0	43831	401768	0
97044	 	完成社团任务35次	99	5	1	97044	20000789	20000789	5	97044	0	0	43831	401768	0
97045	 	武道大会胜利40次	99	5	1	97045	20000790	20000790	19	97045	0	0	43831	401768	0
97046	 	消耗体力3000点	99	5	1	97046	20000791	20000791	12	97046	0	0	43831	401768	0
97047	 	参与道馆演武25次	99	6	1	97047	20000784	20000784	16	97047	0	0	43831	401768	0
97048	 	完成日常任务	99	6	1	97048	20000785	20000785	78	97048	0	0	43831	401768	0
97049	 	区域攻防胜利5次	99	6	1	97049	20000786	20000786	97	97049	0	0	43831	401768	0
97050	 	完成25次社团讨伐	99	6	1	97050	20000787	20000787	5	97050	0	0	43831	401768	0
97051	 	完成小游戏15次	99	6	1	97051	20000788	20000788	28	97051	0	0	43831	401768	0
97052	 	完成社团任务35次	99	6	1	97052	20000789	20000789	5	97052	0	0	43831	401768	0
97053	 	武道大会胜利40次	99	6	1	97053	20000790	20000790	19	97053	0	0	43831	401768	0
97054	 	消耗体力3000点	99	6	1	97054	20000791	20000791	12	97054	0	0	43831	401768	0
98001	 	第一天登录	98	1	1	98001	110408	110408	1	98001	0	0	43831	401768	0
98002	 	第一天登录	98	1	1	98002	110409	110409	2	98002	0	0	43831	401768	0
98003	 	第一天登录	98	1	1	98003	110410	110410	2	98003	0	0	43831	401768	0
100001	每日任务	巡逻城市30次	113	1	1	100001	20000655	20000655	5	100001	0	0	43831	401768	0
100003	每日任务	情报交流赠送1次碎片	113	1	1	100003	20000655	20000655	5	100003	0	0	43831	401768	0
101001	 	道馆演武挑战1次	117	1	1	101001	20000189	20000189	16	101001	0	0	43831	401768	0
101002	 	完成1次社团讨伐	117	1	1	101002	20000189	20000189	5	101002	0	0	43831	401768	0
101003	 	使用特别招募券1次	117	1	1	101003	20000189	20000189	52	101003	0	0	43831	401768	0
102001	 	社团捐献 1次	114	1	1	102001	20000278	20000278	44	102001	0	0	43831	401768	0
102002	 	社团捐献 5次	114	1	1	102002	20000279	20000279	44	102002	0	0	43831	401768	0
102003	 	社团捐献 10次	114	1	1	102003	20000280	20000280	44	102003	0	0	43831	401768	0
102004	 	赠送情报1次	114	1	1	102004	20000281	20000281	32	102004	0	0	43831	401768	0
102005	 	赠送情报 5次	114	1	1	102005	20000282	20000282	32	102005	0	0	43831	401768	0
102006	 	赠送情报 10次	114	1	1	102006	20000283	20000283	32	102006	0	0	43831	401768	0
103001	每日任务	完成5个社团任务	115	1	1	103001	20000284	20000284	80	103001	0	0	43831	401768	0
103002	累计任务	完成15个社团任务	115	1	1	103002	20000285	20000285	80	103002	0	0	43831	401768	0
103003	累计任务	完成30个社团任务	115	1	1	103003	20000286	20000286	80	103003	0	0	43831	401768	0
103004	累计任务	完成50个社团任务	115	1	1	103004	20000287	20000287	80	103004	0	0	43831	401768	0
103005	每日任务	巡逻城市30次	115	1	2	103005	20000288	20000288	54	103005	0	0	43831	401768	0
103006	累计任务	巡逻城市60次	115	1	2	103006	20000289	20000289	54	103006	0	0	43831	401768	0
103007	累计任务	巡逻城市100次	115	1	2	103007	20000290	20000290	54	103007	0	0	43831	401768	0
103008	累计任务	巡逻城市200次	115	1	2	103008	20000291	20000291	54	103008	0	0	43831	401768	0
103009	每日任务	完成工厂订单3个	115	1	3	103009	20000292	20000292	31	103009	0	0	43831	401768	0
103010	累计任务	完成工厂订单6个	115	1	3	103010	20000293	20000293	31	103010	0	0	43831	401768	0
103011	累计任务	完成工厂订单9个	115	1	3	103011	20000294	20000294	31	103011	0	0	43831	401768	0
103012	累计任务	完成工厂订单18个	115	1	3	103012	20000295	20000295	31	103012	0	0	43831	401768	0
104001	每日任务	进行3次社团BOSS试炼	116	1	1	104001	20000296	20000296	81	104001	0	0	43831	401768	0
104002	累计任务	进行6次社团BOSS试炼	116	1	1	104002	20000297	20000297	81	104002	0	0	43831	401768	0
104003	累计任务	进行9次社团BOSS试炼	116	1	1	104003	20000298	20000298	81	104003	0	0	43831	401768	0
104004	累计任务	进行12次社团BOSS试炼	116	1	1	104004	20000299	20000299	81	104004	0	0	43831	401768	0
104005	累计任务	进行15次社团BOSS试炼	116	1	1	104005	20000300	20000300	81	104005	0	0	43831	401768	0
104006	累计任务	进行20次社团BOSS试炼	116	1	1	104006	20000301	20000301	81	104006	0	0	43831	401768	0
105001	 	参与武道大会1次	118	1	1	105001	0	0	0	105001	118	1	43831	401768	0
105002	 	参与道馆演武1次	118	1	1	105002	0	0	0	105002	118	1	43831	401768	0
105003	 	消耗特别招募券1张	118	1	1	105003	0	0	0	105003	118	1	43831	401768	0
105004	 	完成社团任务1次	118	1	1	105004	0	0	0	105004	118	1	43831	401768	0
105005	 	完成埼玉家料理1次	118	1	1	105005	0	0	0	105005	118	1	43831	401768	0
105006	 	无人区首次通关1次	118	1	1	105006	0	0	0	105006	118	1	43831	401768	0
105007	 	埼玉家小游戏进行1次	118	1	1	105007	0	0	0	105007	118	1	43831	401768	0
105008	 	怪人研究通关1次	118	1	1	105008	0	0	0	105008	118	1	43831	401768	0
105009	 	英雄试炼通关1次	118	1	1	105009	0	0	0	105009	118	1	43831	401768	0
105010	 	怪人研究所通关1次	118	1	1	105010	0	0	0	105010	118	1	43831	401768	0
106001	 	第1天登录	121	1	1	106001	110107	110107	0	106001	121	1	43831	401768	0
106002	 	第2天登录	121	1	1	106002	110108	110108	0	106002	121	1	43831	401768	0
106003	 	第3天登录	121	1	1	106003	110109	110109	0	106003	121	1	43831	401768	0
106004	 	第4天登录	121	1	1	106004	110110	110110	0	106004	121	1	43831	401768	0
106005	 	第5天登录	121	1	1	106005	110111	110111	0	106005	121	1	43831	401768	0
106006	 	第6天登录	121	1	1	106006	110112	110112	0	106006	121	1	43831	401768	0
106007	 	第7天登录	121	1	1	106007	110112	110112	0	106007	121	1	43831	401768	0
107001	 	使用特别招募10次	120	1	1	107001	20000252	20000252	52	107001	120	0	43831	401768	0
107002	 	通关英雄试炼5次	120	1	1	107002	20000253	20000253	72	107002	120	0	43831	401768	0
107003	 	参与武道大会5次	120	1	1	107003	20000254	20000254	19	107003	120	0	43831	401768	0
109001	 	体力600	129	1	1	109001	20000200	20000200	12	109001	129	0	43831	401768	0
109002	 	体力1200	129	1	1	109002	20000201	20000201	12	109002	129	0	43831	401768	0
109003	 	体力1800	129	1	1	109003	20000202	20000202	12	109003	129	0	43831	401768	0
109004	 	体力2400	129	1	1	109004	20000203	20000203	12	109004	129	0	43831	401768	0
109005	 	体力3000	129	1	1	109005	20000204	20000204	12	109005	129	0	43831	401768	0
109006	 	体力3600	129	1	1	109006	20000205	20000205	12	109006	129	0	43831	401768	0
109007	 	体力4000	129	1	1	109007	20000206	20000206	12	109007	129	0	43831	401768	0
109101	 	体力600	129	1	2	109101	20000207	20000207	12	109101	129	0	43831	401768	0
109102	 	体力1200	129	1	2	109102	20000208	20000208	12	109102	129	0	43831	401768	0
109103	 	体力1800	129	1	2	109103	20000209	20000209	12	109103	129	0	43831	401768	0
109104	 	体力2400	129	1	2	109104	20000210	20000210	12	109104	129	0	43831	401768	0
109105	 	体力3000	129	1	2	109105	20000211	20000211	12	109105	129	0	43831	401768	0
109106	 	体力3600	129	1	2	109106	20000212	20000212	12	109106	129	0	43831	401768	0
109107	 	体力4000	129	1	2	109107	20000213	20000213	12	109107	129	0	43832	401769	0
109201	 	体力600	129	2	1	109201	20000200	20000200	12	109201	129	0	43831	401768	0
109202	 	体力1200	129	2	1	109202	20000201	20000201	12	109202	129	0	43831	401768	0
109203	 	体力1800	129	2	1	109203	20000202	20000202	12	109203	129	0	43831	401768	0
109204	 	体力2400	129	2	1	109204	20000203	20000203	12	109204	129	0	43831	401768	0
109205	 	体力3000	129	2	1	109205	20000204	20000204	12	109205	129	0	43831	401768	0
109206	 	体力3600	129	2	1	109206	20000205	20000205	12	109206	129	0	43831	401768	0
109207	 	体力4000	129	2	1	109207	20000206	20000206	12	109207	129	0	43831	401768	0
109301	 	体力600	129	2	2	109301	20000207	20000207	12	109301	129	0	43831	401768	0
109302	 	体力1200	129	2	2	109302	20000208	20000208	12	109302	129	0	43831	401768	0
109303	 	体力1800	129	2	2	109303	20000209	20000209	12	109303	129	0	43831	401768	0
109304	 	体力2400	129	2	2	109304	20000210	20000210	12	109304	129	0	43831	401768	0
109305	 	体力3000	129	2	2	109305	20000211	20000211	12	109305	129	0	43831	401768	0
109306	 	体力3600	129	2	2	109306	20000212	20000212	12	109306	129	0	43831	401768	0
109307	 	体力4000	129	2	2	109307	20000213	20000213	12	109307	129	0	43832	401769	0
110101	模拟训练	第1层	133	1	1	110101	20000352	20000352	17	110101	133	0	43831	401768	0
110102	模拟训练	第2层	133	1	1	110102	20000353	20000353	17	110102	133	0	43831	401768	0
110103	模拟训练	第3层	133	1	1	110103	20000354	20000354	17	110103	133	0	43831	401768	0
110104	模拟训练	第4层	133	1	1	110104	20000355	20000355	17	110104	133	0	43831	401768	0
110105	模拟训练	第5层	133	1	1	110105	20000356	20000356	17	110105	133	0	43831	401768	0
110106	模拟训练	第6层	133	1	1	110106	20000357	20000357	17	110106	133	0	43831	401768	0
110107	模拟训练	第7层	133	1	1	110107	20000358	20000358	17	110107	133	0	43831	401768	0
110108	模拟训练	第8层	133	1	1	110108	20000359	20000359	17	110108	133	0	43831	401768	0
110201	怪人研究所	力量第1层	133	1	1	110201	20000360	20000360	21	110201	133	0	43831	401768	0
110202	怪人研究所	智慧第2层	133	1	1	110202	20000361	20000361	21	110202	133	0	43831	401768	0
110203	怪人研究所	运势第3层	133	1	1	110203	20000362	20000362	21	110203	133	0	43831	401768	0
110204	怪人研究所	力量第4层	133	1	1	110204	20000363	20000363	21	110204	133	0	43831	401768	0
110205	怪人研究所	智慧第5层	133	1	1	110205	20000364	20000364	21	110205	133	0	43831	401768	0
110206	怪人研究所	运势第6层	133	1	1	110206	20000365	20000365	21	110206	133	0	43831	401768	0
110207	怪人研究所	力量第7层	133	1	1	110207	20000366	20000366	21	110207	133	0	43831	401768	0
110208	怪人研究所	智慧第8层	133	1	1	110208	20000367	20000367	21	110208	133	0	43831	401768	0
110301	武道大会	参与10次	133	2	1	110301	20000378	20000378	19	110101	133	0	43831	401768	0
110302	武道大会	参与20次	133	2	1	110302	20000379	20000379	19	110102	133	0	43831	401768	0
110303	武道大会	参与30次	133	2	1	110303	20000380	20000380	19	110103	133	0	43831	401768	0
110304	武道大会	参与40次	133	2	1	110304	20000381	20000381	19	110104	133	0	43831	401768	0
110305	武道大会	胜利50次	133	2	1	110305	20000382	20000382	19	110105	133	0	43831	401768	0
110306	武道大会	胜利60次	133	2	1	110306	20000383	20000383	19	110106	133	0	43831	401768	0
110307	武道大会	胜利70次	133	2	1	110307	20000384	20000384	19	110107	133	0	43831	401768	0
110308	武道大会	胜利80次	133	2	1	110308	20000385	20000385	19	110108	133	0	43831	401768	0
110401	区域攻防	参与10次	133	2	1	110401	20000386	20000386	97	110201	133	0	43831	401768	0
110402	区域攻防	参与20次	133	2	1	110402	20000387	20000387	97	110202	133	0	43831	401768	0
110403	区域攻防	参与30次	133	2	1	110403	20000388	20000388	97	110203	133	0	43831	401768	0
110404	区域攻防	参与40次	133	2	1	110404	20000389	20000389	97	110204	133	0	43831	401768	0
110405	区域攻防	胜利50次	133	2	1	110405	20000390	20000390	97	110205	133	0	43831	401768	0
110406	区域攻防	胜利60次	133	2	1	110406	20000391	20000391	97	110206	133	0	43831	401768	0
110407	区域攻防	胜利70次	133	2	1	110407	20000392	20000392	97	110207	133	0	43831	401768	0
110408	区域攻防	胜利80次	133	2	1	110408	20000393	20000393	97	110208	133	0	43831	401768	0
110501	正义角逐	通关49层	133	3	1	110501	20000448	20000448	10	110501	133	0	43831	401768	0
110502	正义角逐	通关50层	133	3	1	110502	20000449	20000449	10	110502	133	0	43831	401768	0
110503	正义角逐	通关51层	133	3	1	110503	20000450	20000450	10	110503	133	0	43831	401768	0
110504	正义角逐	通关52层	133	3	1	110504	20000451	20000451	10	110504	133	0	43831	401768	0
110505	正义角逐	通关53层	133	3	1	110505	20000452	20000452	10	110505	133	0	43831	401768	0
110506	正义角逐	通关54层	133	3	1	110506	20000453	20000453	10	110506	133	0	43831	401768	0
110507	正义角逐	通关55层	133	3	1	110507	20000454	20000454	10	110507	133	0	43831	401768	0
110508	正义角逐	通关56层	133	3	1	110508	20000455	20000455	10	110508	133	0	43831	401768	0
110601	觉醒挑战	通关第1层	133	3	1	110601	20000456	20000456	136	110601	133	0	43831	401768	0
110602	觉醒挑战	通关第2层	133	3	1	110602	20000457	20000457	136	110602	133	0	43831	401768	0
110603	觉醒挑战	通关第3层	133	3	1	110603	20000458	20000458	136	110603	133	0	43831	401768	0
110604	觉醒挑战	通关第4层	133	3	1	110604	20000459	20000459	136	110604	133	0	43831	401768	0
110605	觉醒挑战	通关第5层	133	3	1	110605	20000460	20000460	136	110605	133	0	43831	401768	0
110606	觉醒挑战	通关第6层	133	3	1	110606	20000461	20000461	136	110606	133	0	43831	401768	0
110607	觉醒挑战	通关第7层	133	3	1	110607	20000462	20000462	136	110607	133	0	43831	401768	0
110608	觉醒挑战	通关第8层	133	3	1	110608	20000463	20000463	136	110608	133	0	43831	401768	0
117001	 	万圣节累计1天登录	74	1	1	117001	20000638	20000638	0	117001	74	0	43831	401768	0
117002	 	万圣节累计2天登录	74	1	1	117002	20000639	20000639	0	117002	74	0	43831	401768	0
117003	 	万圣节累计3天登录	74	1	1	117003	20000640	20000640	0	117003	74	0	43831	401768	0
117004	 	万圣节累计4天登录	74	1	1	117004	20000641	20000641	0	117004	74	0	43831	401768	0
117005	 	万圣节累计5天登录	74	1	1	117005	20000642	20000642	0	117005	74	0	43831	401768	0
117006	 	万圣节累计6天登录	74	1	1	117006	20000643	20000643	0	117006	74	0	43831	401768	0
117007	 	万圣节累计7天登录	74	1	1	117007	20000644	20000644	0	117007	74	0	43831	401768	0
117011	 	累计1天登录	76	1	1	117011	20000704	20000704	0	117011	76	0	43831	401768	0
117012	 	累计2天登录	76	1	1	117012	20000705	20000705	0	117012	76	0	43831	401768	0
117013	 	累计3天登录	76	1	1	117013	20000706	20000706	0	117013	76	0	43831	401768	0
117014	 	累计4天登录	76	1	1	117014	20000707	20000707	0	117014	76	0	43831	401768	0
117015	 	累计5天登录	76	1	1	117015	20000708	20000708	0	117015	76	0	43831	401768	0
117021	 	累计1天登录	76	2	1	117021	20000799	20000799	0	117021	76	0	43831	401768	0
117022	 	累计2天登录	76	2	1	117022	20000800	20000800	0	117022	76	0	43831	401768	0
117023	 	累计3天登录	76	2	1	117023	20000801	20000801	0	117023	76	0	43831	401768	0
117024	 	累计4天登录	76	2	1	117024	20000802	20000802	0	117024	76	0	43831	401768	0
117025	 	累计5天登录	76	2	1	117025	20000803	20000803	0	117025	76	0	43831	401768	0
117026	 	累计1天登录	76	3	1	117026	20000828	20000828	0	117026	76	0	43831	401768	0
117027	 	累计2天登录	76	3	1	117027	20000829	20000829	0	117027	76	0	43831	401768	0
117028	 	累计3天登录	76	3	1	117028	20000830	20000830	0	117028	76	0	43831	401768	0
117029	 	累计4天登录	76	3	1	117029	20000831	20000831	0	117029	76	0	43831	401768	0
117030	 	累计5天登录	76	3	1	117030	20000832	20000832	0	117030	76	0	43831	401768	0
117031	 	累计1天登录	76	4	1	117031	20000799	20000799	0	117031	76	0	43831	401768	0
117032	 	累计2天登录	76	4	1	117032	20000800	20000800	0	117032	76	0	43831	401768	0
117033	 	累计3天登录	76	4	1	117033	20000801	20000801	0	117033	76	0	43831	401768	0
117034	 	累计4天登录	76	4	1	117034	20000802	20000802	0	117034	76	0	43831	401768	0
117035	 	累计5天登录	76	4	1	117035	20000803	20000803	0	117035	76	0	43831	401768	0
117036	 	累计1天登录	76	5	1	117036	20000799	20000799	0	117036	76	0	43831	401768	0
117037	 	累计2天登录	76	5	1	117037	20000800	20000800	0	117037	76	0	43831	401768	0
117038	 	累计3天登录	76	5	1	117038	20000801	20000801	0	117038	76	0	43831	401768	0
117039	 	累计4天登录	76	5	1	117039	20000802	20000802	0	117039	76	0	43831	401768	0
117040	 	累计5天登录	76	5	1	117040	20000803	20000803	0	117040	76	0	43831	401768	0
117041	 	累计1天登录	76	6	1	117041	20000828	20000828	0	117041	76	0	43831	401768	0
117042	 	累计2天登录	76	6	1	117042	20000829	20000829	0	117042	76	0	43831	401768	0
117043	 	累计3天登录	76	6	1	117043	20000830	20000830	0	117043	76	0	43831	401768	0
117044	 	累计4天登录	76	6	1	117044	20000831	20000831	0	117044	76	0	43831	401768	0
117045	 	累计5天登录	76	6	1	117045	20000832	20000832	0	117045	76	0	43831	401768	0
117046	 	累计1天登录	76	7	1	117046	20000843	20000843	0	117046	76	0	43831	401768	0
117047	 	累计2天登录	76	7	1	117047	20000844	20000844	0	117047	76	0	43831	401768	0
117048	 	累计3天登录	76	7	1	117048	20000845	20000845	0	117048	76	0	43831	401768	0
117049	 	累计4天登录	76	7	1	117049	20000846	20000846	0	117049	76	0	43831	401768	0
117050	 	累计5天登录	76	7	1	117050	20000847	20000847	0	117050	76	0	43831	401768	0
117051	 	累计1天登录	76	8	1	117051	20000828	20000828	0	117051	76	0	43831	401768	0
117052	 	累计2天登录	76	8	1	117052	20000829	20000829	0	117052	76	0	43831	401768	0
117053	 	累计3天登录	76	8	1	117053	20000830	20000830	0	117053	76	0	43831	401768	0
117054	 	累计4天登录	76	8	1	117054	20000831	20000831	0	117054	76	0	43831	401768	0
117055	 	累计5天登录	76	8	1	117055	20000832	20000832	0	117055	76	0	43831	401768	0
117056	 	累计1天登录	76	9	1	117056	20000866	20000866	0	117056	76	0	43831	401768	0
117057	 	累计2天登录	76	9	1	117057	20000867	20000867	0	117057	76	0	43831	401768	0
117058	 	累计3天登录	76	9	1	117058	20000868	20000868	0	117058	76	0	43831	401768	0
117059	 	累计4天登录	76	9	1	117059	20000869	20000869	0	117059	76	0	43831	401768	0
117060	 	累计5天登录	76	9	1	117060	20000870	20000870	0	117060	76	0	43831	401768	0
118001	 	每日通关英雄试炼剑10次	85	1	1	118001	20000715	20000715	162	118001	85	0	43831	401768	0
118002	 	每日通关英雄试炼盾10次	85	1	1	118002	20000716	20000716	163	118002	85	0	43831	401768	0
118003	 	通关英雄试炼剑第3层	85	1	1	118003	20000717	20000717	162	118003	85	0	43831	401768	0
118004	 	通关英雄试炼盾第3层	85	1	1	118004	20000718	20000718	163	118004	85	0	43831	401768	0
118005	 	通关英雄试炼剑第5层	85	1	1	118005	20000719	20000719	162	118005	85	0	43831	401768	0
118006	 	通关英雄试炼盾第5层	85	1	1	118006	20000720	20000720	163	118006	85	0	43831	401768	0
118007	 	通关英雄试炼剑60次	85	1	1	118007	20000721	20000721	162	118007	85	0	43831	401768	0
118008	 	通关英雄试炼盾60次	85	1	1	118008	20000722	20000722	163	118008	85	0	43831	401768	0
118009	 	通关英雄试炼剑100次	85	1	1	118009	20000723	20000723	162	118009	85	0	43831	401768	0
118010	 	通关英雄试炼盾100次	85	1	1	118010	20000724	20000724	163	118010	85	0	43831	401768	0
118011	 	通关英雄试炼剑150次	85	1	1	118011	20000725	20000725	162	118011	85	0	43831	401768	0
118012	 	通关英雄试炼盾150次	85	1	1	118012	20000726	20000726	163	118012	85	0	43831	401768	0
118021	 	每日巅峰对战参与5次	104	1	1	118021	20000833	20000833	171	118021	104	0	43831	401768	0
118022	 	每日巅峰对战胜利3次	104	1	1	118022	20000834	20000834	171	118022	104	0	43831	401768	0
118023	 	累计巅峰对战参与15次	104	1	1	118023	20000835	20000835	171	118023	104	0	43831	401768	0
118024	 	累计巅峰对战胜利10次	104	1	1	118024	20000836	20000836	171	118024	104	0	43831	401768	0
118025	 	累计巅峰对战参与35次	104	1	1	118025	20000837	20000837	171	118025	104	0	43831	401768	0
118026	 	累计巅峰对战胜利25次	104	1	1	118026	20000838	20000838	171	118026	104	0	43831	401768	0
118027	 	累计巅峰对战参与55次	104	1	1	118027	20000839	20000839	171	118027	104	0	43831	401768	0
118028	 	累计巅峰对战胜利35次	104	1	1	118028	20000840	20000840	171	118028	104	0	43831	401768	0
118029	 	累计巅峰对战参与70次	104	1	1	118029	20000841	20000841	171	118029	104	0	43831	401768	0
118030	 	累计巅峰对战胜利50次	104	1	1	118030	20000842	20000842	171	118030	104	0	43831	401768	0
