id	name	openType	scheDuling	openPara1	openPara2	openPara3	timeType	startTime	endTime	specialEndTime	freshTime	closeTime	closeActivity	OpenServiceActivity	integralType	integralStage	integralReward	integralRewardShow	title	picture	description	para1	para2	para3	mailTemplateId	exchangeResources	enterType	sort	des	destime	timeDown	desPic	RechargeId	iACTIVITYTYPE	topId	NoShow	DisplayFunctionType	DisplayFunctionParam	
1	甜心假面的任务	46	1	4	0	0	2	2022-5-19 05:00:00	2022-5-26 04:59:59	0,5,0,1296000	8,0	0	0	0	46	0	0	0	0	321000601	1002	0	0	0	0	 	1	1	5100	 	1	0	 	3	0	0	0	 
2	晋级挑战	53	1	4	0	0	1	2022-3-17 00:00:00	2023-5-06 00:00:00	0,5,0,120960000	8,0	0	1	0	0	0	0	0	0	0	0	0	0	0	0	 	3	1	4002	 	1	0	 	3	66	0	0	 
4	每日报到	56	1	4	0	0	2	2022-3-17 00:00:00	2022-5-06 00:00:00	0,5,0,1296000	8,0	0	1	0	0	0	0	0	0	0	0	4002,4003,4008	0	0	0	 	1	3	0	 	0	0	 	2	0	0	0	 
6	人物特辑	73	1	4	0	0	1	2022-5-22 05:00:00	2022-5-25 04:59:59	2,5,0,432000	8,0	0	0	0	0	0	0	0	0	0	0	0	0	0	100001	 	2	4	0	 	0	0	 	3	67	0	0	 
7	人物特辑	73	2	4	0	0	1	2023-4-29 05:00:00	2023-5-6 04:59:59	8,5,0,518400	8,0	0	0	0	0	0	0	0	0	0	0	0	0	0	100001	 	2	4	0	 	0	0	 	3	67	0	0	 
8	人物特辑	73	3	4	0	0	1	2024-4-29 05:00:00	2024-5-6 04:59:59	15,5,0,518400	8,0	0	0	0	0	0	0	0	0	0	0	0	0	0	100001	 	2	4	0	 	0	0	 	3	67	0	0	 
9	限定招募	91	1	4	0	0	1	2022-5-22 05:00:00	2022-5-25 04:59:59	2,5,0,432000	8,0	0	0	0	0	0	0	0	0	0	0	0	0	0	0	 	2	2	0	 	0	0	 	4	67	0	0	 
10	限定招募	91	2	4	0	0	1	2023-4-29 05:00:00	2023-5-6 04:59:59	8,5,0,518400	8,0	0	0	0	0	0	0	0	0	0	0	0	0	0	0	 	2	2	0	 	0	 	 	4	67	0	0	 
11	限定招募	91	3	4	0	0	1	2024-4-29 05:00:00	2024-5-6 04:59:59	15,5,0,518400	8,0	0	0	0	0	0	0	0	0	0	0	0	0	0	0	 	2	2	0	 	0	0	 	4	67	0	0	 
12	超能招募	92	1	4	0	0	1	2022-5-22 05:00:00	2022-5-25 04:59:59	2,5,0,432000	8,0	0	0	0	0	0	0	0	0	0	0	0	0	0	100007	 	2	3	0	 	0	0	 	4	67	0	0	 
13	超合金招募	92	2	4	0	0	1	2023-4-29 05:00:00	2023-5-6 04:59:59	8,5,0,518400	8,0	0	0	0	0	0	0	0	0	0	0	0	0	0	100007	 	2	3	0	 	0	0	 	4	67	0	0	 
14	闪光招募	92	3	4	0	0	1	2024-4-29 05:00:00	2024-5-6 04:59:59	15,5,0,518400	8,0	0	0	0	0	0	0	0	0	0	0	0	0	0	100007	 	2	3	0	 	0	0	 	4	67	0	0	 
15	限定招募预告	130	1	4	0	0	1	2022-5-20 05:00:00	2022-5-22 04:59:59	1,5,0,86400	8,0	0	0	0	0	0	0	0	0	0	0	0	0	0	0	 	2	1	0	 	0	0	 	3	67	0	0	 
16	限定招募预告	130	2	4	0	0	1	2023-4-29 05:00:00	2023-5-6 04:59:59	7,5,0,86400	8,0	0	0	0	0	0	0	0	0	0	0	0	0	0	0	 	2	1	0	 	0	0	 	3	67	0	0	 
17	限定招募预告	130	3	4	0	0	1	2024-4-29 05:00:00	2024-5-6 04:59:59	14,5,0,86400	8,0	0	0	0	0	0	0	0	0	0	0	0	0	0	0	 	2	1	0	 	0	0	 	3	67	0	0	 
19	累计充值	75	1	4	0	0	1	2023-4-29 05:00:00	2023-5-6 04:59:59	0,5,0,604800	8,0	0	0	0	0	0	0	0	0	0	0	0	0	0	100002	 	2	5	0	 	0	0	 	1	67	0	0	 
20	累计充值	75	2	4	0	0	1	2022-5-7 05:00:00	2022-5-30 04:59:59	7,5,0,604800	8,0	0	0	0	0	0	0	0	0	0	0	0	0	0	100002	 	2	5	0	 	0	0	 	1	67	0	0	 
22	定时伙食	77	1	4	0	0	1	2022-3-17 00:00:00	2035-3-17 23:59:59	0,5,0,120960000	8,0	0	0	0	0	0	0	0	0	0	0	0	0	0	0	 	3	3	0	 	0	0	 	3	66	0	0	 
23	成长基金	79	1	4	0	0	1	2022-5-16 05:00:00	2035-3-17 23:59:59	0,5,0,120960000	8,0	0	0	0	0	0	0	0	0	0	0	0	0	0	100003	 	3	6	0	 	0	0	20007	1	66	0	0	 
24	调查基金	80	1	4	0	0	1	2022-5-16 05:00:00	2035-3-17 23:59:59	0,5,0,120960000	8,0	0	0	0	0	0	0	0	0	0	0	0	0	0	100004	 	3	7	0	 	0	0	20008	1	66	0	0	 
26	武道大会	84	1	4	0	0	1	2022-5-19 05:00:00	2022-5-26 04:59:59	7,5,0,1296000	8,0	0	0	0	0	0	0	0	0	0	0	0	0	0	100005	 	2	11	0	 	0	0	 	3	67	0	0	 
30	公测返利	94	1	4	0	0	1	2022-3-17 00:00:00	2022-5-29 04:59:59	0,0,0,25200000	8,0	0	0	0	0	0	0	0	0	0	0	0	0	0	0	 	2	25	0	 	0	0	 	4	67	0	0	 
31	购物券兑换	100	1	4	0	0	0	2022-4-29 05:00:00	2022-5-6 04:59:59	4,5,0,345600	8,0	0	0	0	0	0	0	0	0	0	0	0	0	0	0	 	2	9	0	 	0	0	 	3	82	0	0	 
32	购物券挑战	99	1	4	0	0	0	2022-4-29 05:00:00	2022-5-6 04:59:59	4,5,0,345600	8,0	0	0	0	0	0	0	0	0	0	0	0	0	0	0	 	2	10	0	 	0	0	 	3	82	0	0	 
34	连续礼包	101	1	4	0	0	1	2022-5-19 05:00:00	2022-5-26 04:59:59	0,5,0,11491200	9,7	0	0	0	0	0	0	0	0	0	0	0	0	0	0	 	2	8	0	 	0	0	 	4	67	0	0	 
35	角色收集	102	1	4	0	0	1	2022-5-20 05:00:00	2022-5-27 04:59:59	0,5,0,691200	8,0	0	0	0	0	1,13,26,39	20000121,20000122,20000123,20000124	20000121,20000122,20000123,20000124	0	0	0	0	0	0	0	 	2	7	0	 	0	0	 	4	67	0	0	 
37	每日预言	20	1	4	0	0	1	2022-3-17 00:00:00	2023-5-06 00:00:00	0,5,0,120960000	8,0	0	0	0	0	0	0	0	0	0	0	0	0	0	100005	 	3	8	0	 	0	0	 	3	66	0	0	 
38	后勤速递	110	1	4	0	0	1	2022-3-17 00:00:00	2023-5-06 00:00:00	0,5,0,120960000	8,0	0	0	0	0	0	0	0	0	0	0	0	0	0	0	 	3	5	0	 	0	0	 	1	66	0	0	 
39	预约招募	109	1	4	0	0	2	2022-5-20 05:00:00	2022-5-27 04:59:59	0,5,0,432000	8,0	0	1	0	0	0	0	0	0	0	0	0	0	0	0	 	2	8	0	 	0	0	 	4	67	0	0	 
40	表彰计划	112	1	4	0	0	1	2022-7-22 05:00:00	2035-5-6 04:59:59	7,5,0,34560000	8,0	0	0	0	0	0	0	0	0	0	0	0	0	0	0	 	3	8	0	 	0	0	20102	4	66	0	0	 
42	社团互助	114	1	4	0	0	0	2022-4-29 05:00:00	2022-5-6 04:59:59	0,5,0,691200	8,0	0	0	0	0	0	0	0	0	0	0	0	0	0	0	 	2	19	0	 	0	0	 	4	67	0	0	 
43	社团修行	115	1	4	0	0	0	2022-4-29 05:00:00	2022-5-6 04:59:59	0,5,0,691200	8,0	0	0	0	0	0	0	0	0	0	0	0	0	0	0	 	2	20	0	 	0	0	 	4	67	0	0	 
44	社团试炼	116	1	4	0	0	0	2022-4-29 05:00:00	2022-5-6 04:59:59	0,5,0,691200	8,0	0	0	0	0	0	0	0	0	0	0	0	0	0	0	 	2	21	0	 	0	0	 	4	67	0	0	 
45	扭蛋机	117	1	4	0	0	0	2022-4-29 05:00:00	2022-5-6 04:59:59	7,5,0,604800	8,0	0	0	0	0	6,12,18,24,30,36	20000032,20000032,20000032,20000032,20000032,20000032	20000032,20000032,20000032,20000032,20000032,20000032	0	0	0	0	0	0	0	 	2	16	0	 	0	0	 	3	84	0	0	 
46	限时探索	118	1	4	0	0	0	2022-4-29 05:00:00	2022-5-6 04:59:59	13,5,0,345600	8,0	0	0	0	0	0	0	0	0	0	0	0	0	0	0	 	2	13	0	 	0	0	 	3	67	0	0	 
47	协会补给	119	1	4	0	0	0	2022-4-29 05:00:00	2022-5-6 04:59:59	0,5,0,691200	8,0	0	0	0	0	0	0	0	0	0	0	0	0	0	0	 	2	14	0	 	0	0	 	3	67	0	0	 
48	协会委托	120	1	4	0	0	0	2022-4-29 05:00:00	2022-5-6 04:59:59	0,5,0,691200	8,0	0	0	0	0	500,1000,2000,4000	20000255,20000256,20000257,20000258	20000255,20000256,20000257,20000258	0	0	0	0	0	0	100008	 	2	15	0	 	0	0	 	3	67	0	0	 
49	协会签到	121	1	4	0	0	0	2022-4-29 05:00:00	2022-5-6 04:59:59	7,5,0,604800	8,0	0	0	0	0	3,5,7	20000032,20000032,20000032	20000032,20000032,20000032	0	0	0	0	0	0	0	 	2	16	0	 	0	0	 	3	67	0	0	 
52	整备计划	124	100	4	0	0	0	2023-4-29 05:00:00	2035-5-6 04:59:59	11,5,0,345600	8,0	0	0	0	0	 	 	 	0	0	0	0	0	0	100010	 	1	4	0	 	0	0	 	3	74	0	0	 
54	开发计划	129	1	4	0	0	3	2022-5-30 05:00:00	2022-6-6 04:59:59	1,5,0,604800	8,0	0	0	0	0	600,1200,1800,2400,3000,3600,4000	20000214,20000215,20000216,20000217,20000218,20000219,20000220	20000214,20000215,20000216,20000217,20000218,20000219,20000220	0	0	0	0	0	0	0	 	3	4	0	 	0	0	20110	4	66	0	0	 
56	新手招募	131	1	4	0	0	0	2022-5-23 04:59:59	2035-5-29 04:59:59	0,5,0,691200	8,0	0	0	0	0	0	0	0	0	0	0	0	0	0	0	 	3	2	0	 	0	0	 	4	87	0	2	1120108
57	六星SSR	133	1	4	0	0	1	2022-5-22 05:00:00	2022-5-25 04:59:59	0,5,0,345600	8,0	0	0	0	0	0	0	0	0	0	0	0	0	0	100009	 	2	4	0	 	0	0	20230,20293,20232,20233,20254,20255,20256,20257|20226,20292,20228,20229,20249,20250,20251,20252	1	67	0	0	 
58	六星SSR	133	2	4	0	0	1	2022-5-22 05:00:00	2022-5-25 04:59:59	7,5,0,345600	8,0	0	0	0	0	0	0	0	0	0	0	0	0	0	100009	 	2	4	0	 	0	0	20236,20294,20238,20239,20259,20260,20261,20262|20240,20295,20242,20243,20264,20265,20266,20267	1	67	0	0	 
59	特别招募	137	1	4	0	0	1	2022-5-22 05:00:00	2022-5-25 04:59:59	0,5,0,604800000	8,0	0	0	0	0	0	0	0	0	0	0	0	0	0	0	 	2	4	0	 	0	0	 	3	74	1	1	 
61	限定招募（预告+活动）	140	1	4	0	0	1	2022-5-20 05:00:00	2022-5-22 04:59:59	1,5,0,518400	8,0	0	0	0	0	0	0	0	0	0	0	0	0	0	0	 	2	1	0	 	0	0	 	3	67	1	1	 
62	限定招募（预告+活动）	140	2	4	0	0	1	2023-4-29 05:00:00	2023-5-6 04:59:59	7,5,0,604800	8,0	0	0	0	0	0	0	0	0	0	0	0	0	0	0	 	2	1	0	 	0	0	 	3	67	1	1	 
63	限定招募（预告+活动）	140	3	4	0	0	1	2024-4-29 05:00:00	2024-5-6 04:59:59	14,5,0,518400	8,0	0	0	0	0	0	0	0	0	0	0	0	0	0	0	 	2	1	0	 	0	0	 	3	67	1	1	 
64	六星SSR	133	3	4	0	0	1	2022-5-22 05:00:00	2022-5-25 04:59:59	14,5,0,345600	8,0	0	0	0	0	0	0	0	0	0	0	0	0	0	100009	 	2	4	0	 	0	0	20269,20270,20271,20272,20273,20274,20275,20276|20277,20278,20279,20280,20281,20282,20283,20284	1	67	0	0	 
69	蚊娘出阵	145	1	4	0	0	0	2022-9-22 05:00:00	2035-9-28 05:00:00	15,5,0,86400	8,0	0	0	0	0	500,2000,5000,10000,15000,20000,25000,35000	0	0	0	0	0	0	0	0	0	 	2	1	0	 	0	0	 	3	67	0	0	 
71	僵尸男出击	142	1	4	0	0	0	2022-10-9 05:00:00	2022-10-16 04:59:59	2,5,0,432000	8,0	0	0	0	0	0	0	0	0	0	0	0	0	0	100001	 	2	4	0	 	0	0	 	3	67	0	0	 
74	限定招募（预告+活动）	140	4	4	0	0	0	2022-10-9 05:00:00	2022-10-16 04:59:59	1,5,0,518400	8,0	0	0	0	0	0	0	0	0	0	0	0	0	0	0	 	2	1	0	 	0	0	 	3	67	1	1	 
75	购物券兑换	100	2	4	0	0	0	2022-10-18 05:00:00	2022-10-25 04:59:59	4,5,0,345600	8,0	0	0	0	0	0	0	0	0	0	0	0	0	0	0	 	2	7	0	 	0	0	 	3	82	0	0	 
76	购物券挑战	99	2	4	0	0	0	2022-10-18 05:00:00	2022-10-25 04:59:59	4,5,0,345600	8,0	0	0	0	0	0	0	0	0	0	0	0	0	0	0	 	2	6	0	 	0	0	 	3	82	0	0	 
77	怪人限定招募	142	2	4	0	0	0	2022-10-18 05:00:00	2022-10-25 04:59:59	2,5,0,432000	8,0	0	0	0	0	0	0	0	0	0	0	0	0	0	0	 	2	2	0	 	0	0	 	4	67	0	0	 
78	怪人招募	143	2	4	0	0	0	2022-10-18 05:00:00	2022-10-25 04:59:59	15,5,0,518400	8,0	0	0	0	0	0	0	0	0	0	0	0	0	0	100007	 	2	3	0	 	0	0	 	4	67	0	0	 
79	购物券兑换	100	3	4	0	0	0	2022-10-25 05:00:00	2022-11-1 04:59:59	4,5,0,345600	8,0	0	0	0	0	0	0	0	0	0	0	0	0	0	0	 	2	7	0	 	0	0	 	3	82	0	0	 
80	购物券挑战	99	3	4	0	0	0	2022-10-25 05:00:00	2022-11-1 04:59:59	4,5,0,345600	8,0	0	0	0	0	0	0	0	0	0	0	0	0	0	0	 	2	6	0	 	0	0	 	3	82	0	0	 
81	警犬侠出击	142	3	4	0	0	0	2022-10-25 05:00:00	2022-11-1 04:59:59	2,5,0,432000	8,0	0	0	0	0	0	0	0	0	0	0	0	0	0	0	 	2	2	0	 	0	0	 	4	67	0	0	 
82	守卫者招募	143	3	4	0	0	0	2022-10-25 05:00:00	2022-11-1 04:59:59	15,5,0,518400	8,0	0	0	0	0	0	0	0	0	0	0	0	0	0	100007	 	2	3	0	 	0	0	 	4	67	0	0	 
85	万圣节登录	74	1	4	0	0	0	2022-11-1 05:00:00	2022-11-9 04:59:59	0,0,0,1209600	8,0	0	0	0	0	0	0	0	0	0	0	0	0	0	0	 	2	0	0	 	0	0	 	1	0	0	0	 
86	万圣节狂欢	122	1	4	0	0	0	2022-11-1 05:00:00	2022-11-8 04:59:59	0,5,0,691200	8,0	0	0	0	0	0	0	0	0	0	0	0	0	0	0	 	2	17	0	 	0	0	 	3	83	0	0	 
87	万圣节兑换	123	1	4	0	0	0	2022-11-1 05:00:00	2022-11-8 04:59:59	0,5,0,691200	8,0	0	0	0	0	0	0	0	0	0	0	0	0	0	0	 	2	18	0	 	0	0	 	3	83	0	0	 
88	背心尊者出击	142	4	4	0	0	0	2022-11-1 05:00:00	2022-11-8 04:59:59	2,5,0,432000	8,0	0	0	0	0	0	0	0	0	0	0	0	0	0	0	 	2	2	0	 	0	0	 	4	67	0	0	 
89	大师招募	143	4	4	0	0	0	2022-11-1 05:00:00	2022-11-8 04:59:59	15,5,0,518400	8,0	0	0	0	0	0	0	0	0	0	0	0	0	0	100007	 	2	3	0	 	0	0	 	4	67	0	0	 
90	万圣节拼图	113	1	4	0	0	0	2022-11-1 05:00:00	2022-11-8 04:59:59	0,5,0,691200	8,0	0	0	0	0	1,4,8,12	20000651,20000652,20000653,20000654	20000651,20000652,20000653,20000654	0	0	0	0	0	0	0	 	2	12	0	 	0	0	 	3	67	0	0	 
91	武道大会	84	2	4	0	0	0	2022-11-1 05:00:00	2022-11-16 04:59:59	7,5,0,1296000	8,0	0	0	22	0	0	0	0	0	0	0	0	0	0	100005	 	2	11	0	 	0	0	 	3	67	0	0	 
93	剑盾挑战	85	1	4	0	0	0	2022-11-8 05:00:00	2022-11-15 04:59:59	0,5,0,691200	8,0	0	0	0	0	0	0	0	0	0	0	0	0	0	100001	 	2	7	0	 	0	0	 	3	67	0	0	 
94	怪人招募	143	5	4	0	0	0	2022-11-8 05:00:00	2022-11-15 04:59:59	0,5,0,691200	8,0	0	0	0	0	0	0	0	0	0	0	0	0	0	100001	 	2	5	0	 	0	0	 	3	67	0	0	 
95	怪人限定招募	142	5	4	0	0	0	2022-11-8 05:00:00	2022-11-15 04:59:59	2,5,0,432000	8,0	0	0	0	0	0	0	0	0	0	0	0	0	0	0	 	2	2	0	 	0	0	 	4	67	0	0	 
96	限时登录	76	1	4	0	0	0	2022-11-17 05:00:00	2022-11-24 04:59:59	0,0,0,1209600	8,0	0	0	0	0	0	0	0	0	0	0	0	0	0	100012	 	2	6	0	 	0	0	 	1	67	0	0	 
98	剑盾招募	143	6	4	0	0	0	2022-11-17 05:00:00	2022-11-24 04:59:59	0,5,0,691200	8,0	0	0	22	0	0	0	0	0	0	0	0	0	0	100012	 	2	5	0	 	0	0	 	3	67	0	0	 
99	限定招募返场	142	6	4	0	0	0	2022-11-17 05:00:00	2022-11-24 04:59:59	2,5,0,432000	8,0	0	0	22	0	0	0	0	0	0	0	0	0	0	0	 	2	2	0	 	0	0	 	4	67	0	0	 
100	限时登录	76	2	4	0	0	0	2022-11-25 05:00:00	2022-12-2 04:59:59	0,0,0,1209600	8,0	0	0	0	0	0	0	0	0	0	0	0	0	0	100012	 	2	8	0	 	0	0	 	1	67	0	0	 
101	怪人招募	143	7	4	0	0	0	2022-11-25 05:00:00	2022-12-2 04:59:59	0,5,0,691200	8,0	0	0	0	0	0	0	0	0	0	0	0	0	0	100012	 	2	5	0	 	0	0	 	3	67	0	0	 
102	怪人限定招募	142	7	4	0	0	0	2022-11-25 05:00:00	2022-12-2 04:59:59	2,5,0,432000	8,0	0	0	0	0	0	0	0	0	0	0	0	0	0	0	 	2	2	0	 	0	0	 	4	67	0	0	 
103	点数兑换	123	2	4	0	0	0	2022-11-25 05:00:00	2022-12-2 04:59:59	4,5,0,345600	8,0	0	0	0	0	0	0	0	0	0	0	0	0	0	0	 	2	7	0	 	0	0	 	3	82	0	0	 
104	使徒降临	99	4	4	0	0	0	2022-11-25 05:00:00	2022-12-2 04:59:59	4,5,0,345600	8,0	0	0	0	0	0	0	0	0	0	0	0	0	0	0	 	2	6	0	 	0	0	 	3	82	0	0	 
105	限时登录	76	3	4	0	0	0	2022-12-2 05:00:00	2022-12-9 04:59:59	0,0,0,1209600	8,0	0	0	0	0	0	0	0	0	0	0	0	0	0	100012	 	2	6	0	 	0	0	 	1	67	0	0	 
106	怪人招募	143	8	4	0	0	0	2022-12-2 05:00:00	2022-12-9 04:59:59	0,5,0,691200	8,0	0	0	0	0	0	0	0	0	0	0	0	0	0	100012	 	2	5	0	 	0	0	 	3	67	0	0	 
107	限定招募返场	142	8	4	0	0	0	2022-12-2 05:00:00	2022-12-9 04:59:59	2,5,0,432000	8,0	0	0	0	0	0	0	0	0	0	0	0	0	0	0	 	2	2	0	 	0	0	 	4	67	0	0	 
108	武道大会	84	3	4	0	0	0	2022-12-2 05:00:00	2022-12-17 04:59:59	7,5,0,1296000	8,0	0	0	22	0	0	0	0	0	0	0	0	0	0	100005	 	2	11	0	 	0	0	 	3	67	0	0	 
109	限时登录	76	4	4	0	0	0	2022-12-9 05:00:00	2022-12-16 04:59:59	0,0,0,1209600	8,0	0	0	0	0	0	0	0	0	0	0	0	0	0	100012	 	2	6	0	 	0	0	 	1	67	0	0	 
110	超能招募	143	9	4	0	0	0	2022-12-9 05:00:00	2022-12-16 04:59:59	0,5,0,691200	8,0	0	0	22	0	0	0	0	0	0	0	0	0	0	100012	 	2	5	0	 	0	0	 	3	67	0	0	 
111	限定招募返场	142	9	4	0	0	0	2022-12-9 05:00:00	2022-12-16 04:59:59	2,5,0,432000	8,0	0	0	22	0	0	0	0	0	0	0	0	0	0	0	 	2	2	0	 	0	0	 	4	67	0	0	 
112	巅峰对决	104	1	4	0	0	0	2022-12-16 05:00:00	2022-12-30 04:59:59	2,5,0,432000	8,0	0	0	0	0	0	0	0	0	0	0	0	0	0	100012	 	2	2	0	 	0	0	 	4	67	0	0	 
113	宝箱兑换	123	3	4	0	0	0	2022-12-16 05:00:00	2022-12-23 04:59:59	4,5,0,345600	8,0	0	0	0	0	0	0	0	0	0	0	0	0	0	0	 	2	7	0	 	0	0	 	3	82	0	0	 
114	王者降临	99	5	4	0	0	0	2022-12-16 05:00:00	2022-12-23 04:59:59	4,5,0,345600	8,0	0	0	0	0	0	0	0	0	0	0	0	0	0	0	 	2	6	0	 	0	0	 	3	82	0	0	 
115	限时登录	76	5	4	0	0	0	2022-12-16 05:00:00	2022-12-23 04:59:59	0,0,0,1209600	8,0	0	0	0	0	0	0	0	0	0	0	0	0	0	100012	 	2	6	0	 	0	0	 	1	67	0	0	 
116	怪人招募	143	10	4	0	0	0	2022-12-16 05:00:00	2022-12-23 04:59:59	0,5,0,691200	8,0	0	0	0	0	0	0	0	0	0	0	0	0	0	100012	 	2	5	0	 	0	0	 	3	67	0	0	 
117	限定招募	142	10	4	0	0	0	2022-12-16 05:00:00	2022-12-23 04:59:59	2,5,0,432000	8,0	0	0	0	0	0	0	0	0	0	0	0	0	0	0	 	2	2	0	 	0	0	 	4	67	0	0	 
118	限时登录	76	6	4	0	0	0	2022-12-23 05:00:00	2022-12-30 04:59:59	0,0,0,1209600	8,0	0	0	0	0	0	0	0	0	0	0	0	0	0	100012	 	2	6	0	 	0	0	 	1	67	0	0	 
119	守卫者招募	143	11	4	0	0	0	2022-12-23 05:00:00	2022-12-30 04:59:59	0,5,0,691200	8,0	0	0	0	0	0	0	0	0	0	0	0	0	0	100012	 	2	5	0	 	0	0	 	3	67	0	0	 
120	限定招募返场	142	11	4	0	0	0	2022-12-23 05:00:00	2022-12-30 04:59:59	2,5,0,432000	8,0	0	0	0	0	0	0	0	0	0	0	0	0	0	0	 	2	2	0	 	0	0	 	4	67	0	0	 
121	元旦登录	76	7	4	0	0	0	2022-12-30 05:00:00	2023-1-6 04:59:59	0,0,0,1209600	8,0	0	0	0	0	0	0	0	0	0	0	0	0	0	100012	 	2	6	0	 	0	0	 	1	67	0	0	 
122	飨宴招募	143	12	4	0	0	0	2022-12-30 05:00:00	2023-1-6 04:59:59	0,5,0,691200	8,0	0	0	0	0	0	0	0	0	0	0	0	0	0	100012	 	2	5	0	 	0	0	 	3	67	0	0	 
123	限定招募	142	12	4	0	0	0	2022-12-30 05:00:00	2023-1-6 04:59:59	2,5,0,432000	8,0	0	0	0	0	0	0	0	0	0	0	0	0	0	0	 	2	2	0	 	0	0	 	4	67	0	0	 
124	武道大会	84	4	4	0	0	0	2023-1-1 05:00:00	2023-1-15 04:59:59	7,5,0,1296000	8,0	0	0	22	0	0	0	0	0	0	0	0	0	0	100005	 	2	11	0	 	0	0	 	3	67	0	0	 
125	烟花兑换	123	4	4	0	0	0	2022-12-30 05:00:00	2023-1-6 04:59:59	4,5,0,345600	8,0	0	0	0	0	0	0	0	0	0	0	0	0	0	0	 	2	7	0	 	0	0	 	3	82	0	0	 
126	元旦狂欢	99	6	4	0	0	0	2022-12-30 05:00:00	2023-1-6 04:59:59	4,5,0,345600	8,0	0	0	0	0	0	0	0	0	0	0	0	0	0	0	 	2	6	0	 	0	0	 	3	82	0	0	 
127	限时登录	76	8	4	0	0	0	2023-1-6 05:00:00	2023-1-13 04:59:59	0,0,0,1209600	8,0	0	0	0	0	0	0	0	0	0	0	0	0	0	100012	 	2	6	0	 	0	0	 	1	67	0	0	 
128	怪人招募	143	13	4	0	0	0	2023-1-6 05:00:00	2023-1-13 04:59:59	0,5,0,691200	8,0	0	0	0	0	0	0	0	0	0	0	0	0	0	100012	 	2	5	0	 	0	0	 	3	67	0	0	 
129	限定招募返场	142	13	4	0	0	0	2023-1-6 05:00:00	2023-1-13 04:59:59	2,5,0,432000	8,0	0	0	0	0	0	0	0	0	0	0	0	0	0	0	 	2	2	0	 	0	0	 	4	67	0	0	 
130	限时登录	76	9	4	0	0	0	2023-1-13 05:00:00	2023-1-20 04:59:59	0,0,0,1209600	8,0	0	0	0	0	0	0	0	0	0	0	0	0	0	100012	 	2	6	0	 	0	0	 	1	67	0	0	 
131	返场招募	143	14	4	0	0	0	2023-1-13 05:00:00	2023-1-20 04:59:59	0,5,0,691200	8,0	0	0	0	0	0	0	0	0	0	0	0	0	0	100012	 	2	5	0	 	0	0	 	3	67	0	0	 
132	限定招募返场	142	14	4	0	0	0	2023-1-13 05:00:00	2023-1-20 04:59:59	2,5,0,432000	8,0	0	0	0	0	0	0	0	0	0	0	0	0	0	0	 	2	2	0	 	0	0	 	4	67	0	0	 
133	源核兑换	123	5	4	0	0	0	2023-1-13 05:00:00	2023-1-20 04:59:59	4,5,0,345600	8,0	0	0	0	0	0	0	0	0	0	0	0	0	0	0	 	2	7	0	 	0	0	 	3	82	0	0	 
134	招募好礼	85	2	4	0	0	0	2023-1-13 05:00:00	2023-1-20 04:59:59	0,0,0,1209600	8,0	0	0	0	0	0	0	0	0	0	0	0	0	0	0	 	2	0	0	 	0	0	 	1	0	0	0	 
