id	stageType	floor	cost	advance	sceneId	dropSelection	dropList	upIcon	dropGroup	name	lockTips	preStage	nextStage	needLv	bossHead	model	action	word	decorate1	decorate2	decorate3	bossId	scaling	offset	offsetX	offsetAngle	showType	selectionDis	trigger	spineModelResId	spineScale	spinePosOffset	spineAnimation	dropExpect	recommendLv	recommendtype	recommendhero	battleTipText	selectionType	rankType	activityControlId	webDes	dropExpectAdd	recommendHero1	recommendHero2	iconType	noticeIcon	firstDropExpect	decorate2Background	
1	101	1	12	0	501001	0	20014	1,1,1|1,1,1|1,1,1|1,1,1	20014	第一层	指挥等级14级解锁	0	2	14	313101900	110073	idle_loop	 	340440106	一号怪人	在“进化之家”中诞生，基诺斯博士自己都无法控制的史上最凶的恶魔。	110192	1	0	0	0	 	均衡@均衡掉落|智慧@智原素掉落会更多|运势@运原素掉落会更多|力量@力原素掉落会更多	101,0	800002000	0	50,-50	animation	18	0	3	4,6,11,12,15	我方单体伤害翻倍	0	5	2	怪人研究所-力量第1层	通关可获得力原素	6	8	0	0	4	0
2	101	2	12	0	501002	0	20024	1,1,1|1,1,1|1,1,1|1,1,1	20024	第二层	指挥等级1级解锁	1	3	1	313102000	110073	idle_loop	 	340440106	一号怪人	在“进化之家”中诞生，基诺斯博士自己都无法控制的史上最凶的恶魔。	110202	1	0	0	0	 	均衡@均衡掉落|智慧@智原素掉落会更多|运势@运原素掉落会更多|力量@力原素掉落会更多	102,0	800002000	0	50,-50	animation	25	13	3	4,6,11,12,15	我方单体伤害翻倍	0	5	2	怪人研究所-力量第2层	通关提升力原素获取效率<color=#00D900>39%</color>	6	8	0	0	6	0
3	101	3	12	0	501003	0	20034	1,1,1|1,1,1|1,1,1|1,1,1	20034	第三层	指挥等级1级解锁	2	4	1	313100700	110073	idle_loop	 	340440106	一号怪人	在“进化之家”中诞生，基诺斯博士自己都无法控制的史上最凶的恶魔。	110073	1	0	0	0	 	均衡@均衡掉落|智慧@智原素掉落会更多|运势@运原素掉落会更多|力量@力原素掉落会更多	103,0	800002000	0	50,-50	animation	32	20	3	4,6,11,12,15	我方单体伤害翻倍	0	5	2	怪人研究所-力量第3层	通关提升力原素获取效率<color=#00D900>28%</color>	6	8	1	1210006	8	0
4	101	4	12	0	501004	0	20044	1,1,1|1,1,1|1,1,1|1,1,1	20044	第四层	指挥等级1级解锁	3	5	1	313100600	110073	idle_loop	 	340440106	一号怪人	在“进化之家”中诞生，基诺斯博士自己都无法控制的史上最凶的恶魔。	110061	1	0	0	0	 	均衡@均衡掉落|智慧@智原素掉落会更多|运势@运原素掉落会更多|力量@力原素掉落会更多	104,10	800002000	0	50,-50	animation	39	26	3	4,6,11,12,15	我方单体伤害翻倍	0	5	2	怪人研究所-力量第4层	通关提升力原素获取效率<color=#00D900>22%</color>	6	8	0	0	12	0
5	101	5	12	0	501005	0	20054	1,1,1|1,1,1|1,1,1|1,1,1	20054	第五层	指挥等级1级解锁	4	6	1	313100500	110073	idle_loop	 	340440106	一号怪人	在“进化之家”中诞生，基诺斯博士自己都无法控制的史上最凶的恶魔。	110051	0	0	0	0	 	均衡@均衡掉落|智慧@智原素掉落会更多|运势@运原素掉落会更多|力量@力原素掉落会更多	105,10	800002000	0	50,-50	animation	46	35	3	4,6,11,12,15	我方单体伤害翻倍	0	5	2	怪人研究所-力量第5层	通关提升力原素获取效率<color=#00D900>18%</color>	6	8	0	0	12	0
6	101	6	12	0	501006	0	20064	1,1,1|1,1,1|1,1,1|1,1,1	20064	第六层	指挥等级1级解锁	5	7	1	313100800	110073	idle_loop	 	340440110	一号怪人	在“进化之家”中诞生，基诺斯博士自己都无法控制的史上最凶的恶魔。	110081	0	0	0	0	 	均衡@均衡掉落|智慧@智原素掉落会更多|运势@运原素掉落会更多|力量@力原素掉落会更多	106,10	800002000	0	50,-50	animation	54	36	3	4,6,11,12,15	我方单体伤害翻倍	0	5	2	怪人研究所-力量第6层	通关提升力原素获取效率<color=#00D900>17%</color>	6	8	1	1210009	12	0
7	101	7	12	0	501007	0	20074	1,1,1|1,1,1|1,1,1|1,1,1	20074	第七层	指挥等级1级解锁	6	8	1	313103400	110073	idle_loop	 	340440110	一号怪人	在“进化之家”中诞生，基诺斯博士自己都无法控制的史上最凶的恶魔。	110341	0	0	0	0	 	均衡@均衡掉落|智慧@智原素掉落会更多|运势@运原素掉落会更多|力量@力原素掉落会更多	107,10	800002000	0	50,-50	animation	64	41	3	4,6,11,12,15	我方单体伤害翻倍	0	5	2	怪人研究所-力量第7层	通关提升力原素获取效率<color=#00D900>19%</color>	6	8	0	0	18	0
8	101	8	12	0	501008	0	20084	1,1,1|1,1,1|1,1,1|1,1,1	20084	第八层	指挥等级1级解锁	7	9	1	313100900	110073	idle_loop	 	340440110	一号怪人	在“进化之家”中诞生，基诺斯博士自己都无法控制的史上最凶的恶魔。	110091	0	0	0	0	 	均衡@均衡掉落|智慧@智原素掉落会更多|运势@运原素掉落会更多|力量@力原素掉落会更多	108,10	800002000	0	50,-50	animation	72	45	3	4,6,11,12,15	我方单体伤害翻倍	0	5	2	怪人研究所-力量第8层	通关提升力原素获取效率<color=#00D900>13%</color>	6	8	0	0	18	0
9	101	9	12	0	501009	0	20094	1,1,1|1,1,1|1,1,1|1,1,1	20094	第九层	指挥等级1级解锁	8	10	1	313101000	110073	idle_loop	 	340440110	一号怪人	在“进化之家”中诞生，基诺斯博士自己都无法控制的史上最凶的恶魔。	110101	0	0	0	0	 	均衡@均衡掉落|智慧@智原素掉落会更多|运势@运原素掉落会更多|力量@力原素掉落会更多	109,10	800002000	0	50,-50	animation	79	50	3	4,6,11,12,15	我方单体伤害翻倍	0	5	2	怪人研究所-力量第9层	通关提升力原素获取效率<color=#00D900>10%</color>	6	8	0	0	18	0
10	101	10	12	0	501010	0	20104	1,1,1|1,1,1|1,1,1|1,1,1	20104	第十层	指挥等级1级解锁	9	31	1	313103600	110073	idle_loop	 	340440110	一号怪人	在“进化之家”中诞生，基诺斯博士自己都无法控制的史上最凶的恶魔。	110361	0	0	0	0	 	均衡@均衡掉落|智慧@智原素掉落会更多|运势@运原素掉落会更多|力量@力原素掉落会更多	110,10	800002000	0	50,-50	animation	87	56	3	4,6,11,12,15	我方单体伤害翻倍	0	5	2	怪人研究所-力量第10层	通关提升力原素获取效率<color=#00D900>10%</color>	6	8	0	0	18	0
31	101	11	12	0	501011	0	20114	1,1,1|1,1,1|1,1,1|1,1,1	20114	第十一层	指挥等级1级解锁	10	32	1	313100800	110073	idle_loop	 	340440110	一号怪人	在“进化之家”中诞生，基诺斯博士自己都无法控制的史上最凶的恶魔。	110081	0	0	0	0	 	均衡@均衡掉落|智慧@智原素掉落会更多|运势@运原素掉落会更多|力量@力原素掉落会更多	111,10	800002000	0	50,-50	animation	95	64	3	4,6,11,12,15	我方单体伤害翻倍	0	5	2	怪人研究所-力量第11层	通关提升力原素获取效率<color=#00D900>9%</color>	6	8	0	0	27	0
32	101	12	12	0	501012	0	20124	1,1,1|1,1,1|1,1,1|1,1,1	20124	第十二层	指挥等级1级解锁	31	33	1	313103400	110073	idle_loop	 	340440110	一号怪人	在“进化之家”中诞生，基诺斯博士自己都无法控制的史上最凶的恶魔。	110341	0	0	0	0	 	均衡@均衡掉落|智慧@智原素掉落会更多|运势@运原素掉落会更多|力量@力原素掉落会更多	112,10	800002000	0	50,-50	animation	103	70	3	4,6,11,12,15	我方单体伤害翻倍	0	5	2	怪人研究所-力量第12层	通关提升力原素获取效率<color=#00D900>8%</color>	6	8	0	0	27	0
33	101	13	12	0	501013	0	20134	1,1,1|1,1,1|1,1,1|1,1,1	20134	第十三层	指挥等级1级解锁	32	34	1	313100900	110073	idle_loop	 	340440110	一号怪人	在“进化之家”中诞生，基诺斯博士自己都无法控制的史上最凶的恶魔。	110091	0	0	0	0	 	均衡@均衡掉落|智慧@智原素掉落会更多|运势@运原素掉落会更多|力量@力原素掉落会更多	113,10	800002000	0	50,-50	animation	111	76	3	4,6,11,12,15	我方单体伤害翻倍	0	5	2	怪人研究所-力量第13层	通关提升力原素获取效率<color=#00D900>8%</color>	6	8	0	0	27	0
34	101	14	12	0	501014	0	20144	1,1,1|1,1,1|1,1,1|1,1,1	20144	第十四层	指挥等级1级解锁	33	35	1	313101000	110073	idle_loop	 	340440110	一号怪人	在“进化之家”中诞生，基诺斯博士自己都无法控制的史上最凶的恶魔。	110101	0	0	0	0	 	均衡@均衡掉落|智慧@智原素掉落会更多|运势@运原素掉落会更多|力量@力原素掉落会更多	114,10	800002000	0	50,-50	animation	119	82	3	4,6,11,12,15	我方单体伤害翻倍	0	5	2	怪人研究所-力量第14层	通关提升力原素获取效率<color=#00D900>7%</color>	6	8	0	0	27	0
35	101	15	12	0	501015	0	20154	1,1,1|1,1,1|1,1,1|1,1,1	20154	第十五层	指挥等级1级解锁	34	0	1	313103600	110073	idle_loop	 	340440110	一号怪人	在“进化之家”中诞生，基诺斯博士自己都无法控制的史上最凶的恶魔。	110361	0	0	0	0	 	均衡@均衡掉落|智慧@智原素掉落会更多|运势@运原素掉落会更多|力量@力原素掉落会更多	115,10	800002000	0	50,-50	animation	127	88	3	4,6,11,12,15	我方单体伤害翻倍	0	5	2	怪人研究所-力量第15层	通关提升力原素获取效率<color=#00D900>6%</color>	6	8	0	0	27	0
11	102	1	12	0	501101	0	20013	1,1,1|1,1,1|1,1,1|1,1,1	20013	第一层	指挥等级1级解锁	0	12	1	313101900	110061	idle_loop	 	340440101	二号怪人	大脑外露的具有螳螂特征的怪人。	110192	1	0	0	0	 	均衡@均衡掉落|智慧@智原素掉落会更多|运势@运原素掉落会更多|力量@力原素掉落会更多	101,0	800002000	0	50,-50	animation	18	0	3	4,6,11,12,15	我方单体伤害翻倍	0	8	2	怪人研究所-运势第1层	通关可获得运原素	9	2	0	0	4	0
12	102	2	12	0	501102	0	20023	1,1,1|1,1,1|1,1,1|1,1,1	20023	第二层	指挥等级1级解锁	11	13	1	313102000	110061	idle_loop	 	340440101	二号怪人	大脑外露的具有螳螂特征的怪人。	110202	1	0	0	0	 	均衡@均衡掉落|智慧@智原素掉落会更多|运势@运原素掉落会更多|力量@力原素掉落会更多	102,0	800002000	0	50,-50	animation	25	13	3	4,6,11,12,15	我方单体伤害翻倍	0	8	2	怪人研究所-运势第2层	通关提升运原素获取效率<color=#00D900>39%</color>	9	2	0	0	6	0
13	102	3	12	0	501103	0	20033	1,1,1|1,1,1|1,1,1|1,1,1	20033	第三层	指挥等级1级解锁	12	14	1	313100700	110061	idle_loop	 	340440101	二号怪人	大脑外露的具有螳螂特征的怪人。	110073	1	0	0	0	 	均衡@均衡掉落|智慧@智原素掉落会更多|运势@运原素掉落会更多|力量@力原素掉落会更多	103,0	800002000	0	50,-50	animation	32	20	3	4,6,11,12,15	我方单体伤害翻倍	0	8	2	怪人研究所-运势第3层	通关提升运原素获取效率<color=#00D900>28%</color>	9	2	1	1210005	8	0
14	102	4	12	0	501104	0	20043	1,1,1|1,1,1|1,1,1|1,1,1	20043	第四层	指挥等级1级解锁	13	15	1	313100600	110061	idle_loop	 	340440101	二号怪人	大脑外露的具有螳螂特征的怪人。	110061	1	0	0	0	 	均衡@均衡掉落|智慧@智原素掉落会更多|运势@运原素掉落会更多|力量@力原素掉落会更多	104,10	800002000	0	50,-50	animation	39	26	3	4,6,11,12,15	我方单体伤害翻倍	0	8	2	怪人研究所-运势第4层	通关提升运原素获取效率<color=#00D900>22%</color>	9	2	0	0	12	0
15	102	5	12	0	501105	0	20053	1,1,1|1,1,1|1,1,1|1,1,1	20053	第五层	指挥等级1级解锁	14	16	1	313100500	110061	idle_loop	 	340440101	二号怪人	大脑外露的具有螳螂特征的怪人。	110051	0	0	0	0	 	均衡@均衡掉落|智慧@智原素掉落会更多|运势@运原素掉落会更多|力量@力原素掉落会更多	105,10	800002000	0	50,-50	animation	46	35	3	4,6,11,12,15	我方单体伤害翻倍	0	8	2	怪人研究所-运势第5层	通关提升运原素获取效率<color=#00D900>18%</color>	9	2	0	0	12	0
16	102	6	12	0	501106	0	20063	1,1,1|1,1,1|1,1,1|1,1,1	20063	第六层	指挥等级1级解锁	15	17	1	313100800	110061	idle_loop	 	340440101	二号怪人	大脑外露的具有螳螂特征的怪人。	110081	0	0	0	0	 	均衡@均衡掉落|智慧@智原素掉落会更多|运势@运原素掉落会更多|力量@力原素掉落会更多	106,10	800002000	0	50,-50	animation	54	36	3	4,6,11,12,15	我方单体伤害翻倍	0	8	2	怪人研究所-运势第6层	通关提升运原素获取效率<color=#00D900>17%</color>	9	2	1	1210008	12	0
17	102	7	12	0	501107	0	20073	1,1,1|1,1,1|1,1,1|1,1,1	20073	第七层	指挥等级1级解锁	16	18	1	313103400	110061	idle_loop	 	340440101	二号怪人	大脑外露的具有螳螂特征的怪人。	110341	0	0	0	0	 	均衡@均衡掉落|智慧@智原素掉落会更多|运势@运原素掉落会更多|力量@力原素掉落会更多	107,10	800002000	0	50,-50	animation	64	41	3	4,6,11,12,15	我方单体伤害翻倍	0	8	2	怪人研究所-运势第7层	通关提升运原素获取效率<color=#00D900>19%</color>	9	2	0	0	18	0
18	102	8	12	0	501108	0	20083	1,1,1|1,1,1|1,1,1|1,1,1	20083	第八层	指挥等级1级解锁	17	19	1	313100900	110061	idle_loop	 	340440101	二号怪人	大脑外露的具有螳螂特征的怪人。	110091	0	0	0	0	 	均衡@均衡掉落|智慧@智原素掉落会更多|运势@运原素掉落会更多|力量@力原素掉落会更多	108,10	800002000	0	50,-50	animation	72	45	3	4,6,11,12,15	我方单体伤害翻倍	0	8	2	怪人研究所-运势第8层	通关提升运原素获取效率<color=#00D900>13%</color>	9	2	0	0	18	0
19	102	9	12	0	501109	0	20093	1,1,1|1,1,1|1,1,1|1,1,1	20093	第九层	指挥等级1级解锁	18	20	1	313101000	110061	idle_loop	 	340440101	二号怪人	大脑外露的具有螳螂特征的怪人。	110101	0	0	0	0	 	均衡@均衡掉落|智慧@智原素掉落会更多|运势@运原素掉落会更多|力量@力原素掉落会更多	109,10	800002000	0	50,-50	animation	79	50	3	4,6,11,12,15	我方单体伤害翻倍	0	8	2	怪人研究所-运势第9层	通关提升运原素获取效率<color=#00D900>10%</color>	9	2	0	0	18	0
20	102	10	12	0	501110	0	20103	1,1,1|1,1,1|1,1,1|1,1,1	20103	第十层	指挥等级1级解锁	19	36	1	313103600	110061	idle_loop	 	340440101	二号怪人	大脑外露的具有螳螂特征的怪人。	110361	0	0	0	0	 	均衡@均衡掉落|智慧@智原素掉落会更多|运势@运原素掉落会更多|力量@力原素掉落会更多	110,10	800002000	0	50,-50	animation	87	56	3	4,6,11,12,15	我方单体伤害翻倍	0	8	2	怪人研究所-运势第10层	通关提升运原素获取效率<color=#00D900>10%</color>	9	2	0	0	18	0
36	102	11	12	0	501111	0	20113	1,1,1|1,1,1|1,1,1|1,1,1	20113	第十一层	指挥等级1级解锁	20	37	1	313100800	110061	idle_loop	 	340440101	二号怪人	大脑外露的具有螳螂特征的怪人。	110081	0	0	0	0	 	均衡@均衡掉落|智慧@智原素掉落会更多|运势@运原素掉落会更多|力量@力原素掉落会更多	111,10	800002000	0	50,-50	animation	95	64	3	4,6,11,12,15	我方单体伤害翻倍	0	8	2	怪人研究所-运势第6层	通关提升运原素获取效率<color=#00D900>9%</color>	9	2	0	0	27	0
37	102	12	12	0	501112	0	20123	1,1,1|1,1,1|1,1,1|1,1,1	20123	第十二层	指挥等级1级解锁	36	38	1	313103400	110061	idle_loop	 	340440101	二号怪人	大脑外露的具有螳螂特征的怪人。	110341	0	0	0	0	 	均衡@均衡掉落|智慧@智原素掉落会更多|运势@运原素掉落会更多|力量@力原素掉落会更多	112,10	800002000	0	50,-50	animation	103	70	3	4,6,11,12,15	我方单体伤害翻倍	0	8	2	怪人研究所-运势第7层	通关提升运原素获取效率<color=#00D900>8%</color>	9	2	0	0	27	0
38	102	13	12	0	501113	0	20133	1,1,1|1,1,1|1,1,1|1,1,1	20133	第十三层	指挥等级1级解锁	37	39	1	313100900	110061	idle_loop	 	340440101	二号怪人	大脑外露的具有螳螂特征的怪人。	110091	0	0	0	0	 	均衡@均衡掉落|智慧@智原素掉落会更多|运势@运原素掉落会更多|力量@力原素掉落会更多	113,10	800002000	0	50,-50	animation	111	76	3	4,6,11,12,15	我方单体伤害翻倍	0	8	2	怪人研究所-运势第8层	通关提升运原素获取效率<color=#00D900>8%</color>	9	2	0	0	27	0
39	102	14	12	0	501114	0	20143	1,1,1|1,1,1|1,1,1|1,1,1	20143	第十四层	指挥等级1级解锁	38	40	1	313101000	110061	idle_loop	 	340440101	二号怪人	大脑外露的具有螳螂特征的怪人。	110101	0	0	0	0	 	均衡@均衡掉落|智慧@智原素掉落会更多|运势@运原素掉落会更多|力量@力原素掉落会更多	114,10	800002000	0	50,-50	animation	119	82	3	4,6,11,12,15	我方单体伤害翻倍	0	8	2	怪人研究所-运势第9层	通关提升运原素获取效率<color=#00D900>7%</color>	9	2	0	0	27	0
40	102	15	12	0	501115	0	20153	1,1,1|1,1,1|1,1,1|1,1,1	20153	第十五层	指挥等级1级解锁	39	0	1	313103600	110061	idle_loop	 	340440101	二号怪人	大脑外露的具有螳螂特征的怪人。	110361	0	0	0	0	 	均衡@均衡掉落|智慧@智原素掉落会更多|运势@运原素掉落会更多|力量@力原素掉落会更多	115,10	800002000	0	50,-50	animation	127	88	3	4,6,11,12,15	我方单体伤害翻倍	0	8	2	怪人研究所-运势第10层	通关提升运原素获取效率<color=#00D900>6%</color>	9	2	0	0	27	0
21	103	1	12	0	501201	0	20012	1,1,1|1,1,1|1,1,1|1,1,1	20012	第一层	指挥等级1级解锁	0	22	1	313101900	110051	idle_loop	 	340440105	三号怪人	全身装备厚重装甲的、具有大猩猩特征的怪人，喜欢以机器人的语调装酷。	110192	1	0	0	0	 	均衡@均衡掉落|智慧@智原素掉落会更多|运势@运原素掉落会更多|力量@力原素掉落会更多	101,0	800002000	0	50,-50	animation	18	0	3	4,6,11,12,15	我方单体伤害翻倍	0	9	2	怪人研究所-智慧第1层	通关可获得智原素	39	8	0	0	48	0
22	103	2	12	0	501202	0	20022	1,1,1|1,1,1|1,1,1|1,1,1	20022	第二层	指挥等级1级解锁	21	23	1	313102000	110051	idle_loop	 	340440105	三号怪人	全身装备厚重装甲的、具有大猩猩特征的怪人，喜欢以机器人的语调装酷。	110202	1	0	0	0	 	均衡@均衡掉落|智慧@智原素掉落会更多|运势@运原素掉落会更多|力量@力原素掉落会更多	102,0	800002000	0	50,-50	animation	25	13	3	4,6,11,12,15	我方单体伤害翻倍	0	9	2	怪人研究所-智慧第2层	通关提升智原素获取效率<color=#00D900>39%</color>	39	8	0	0	6	0
23	103	3	12	0	501203	0	20032	1,1,1|1,1,1|1,1,1|1,1,1	20032	第三层	指挥等级1级解锁	22	24	1	313100700	110051	idle_loop	 	340440105	三号怪人	全身装备厚重装甲的、具有大猩猩特征的怪人，喜欢以机器人的语调装酷。	110073	1	0	0	0	 	均衡@均衡掉落|智慧@智原素掉落会更多|运势@运原素掉落会更多|力量@力原素掉落会更多	103,0	800002000	0	50,-50	animation	32	20	3	4,6,11,12,15	我方单体伤害翻倍	0	9	2	怪人研究所-智慧第3层	通关提升智原素获取效率<color=#00D900>28%</color>	39	8	1	1210004	8	0
24	103	4	12	0	501204	0	20042	1,1,1|1,1,1|1,1,1|1,1,1	20042	第四层	指挥等级1级解锁	23	25	1	313100600	110051	idle_loop	 	340440105	三号怪人	全身装备厚重装甲的、具有大猩猩特征的怪人，喜欢以机器人的语调装酷。	110061	1	0	0	0	 	均衡@均衡掉落|智慧@智原素掉落会更多|运势@运原素掉落会更多|力量@力原素掉落会更多	104,10	800002000	0	50,-50	animation	39	26	3	4,6,11,12,15	我方单体伤害翻倍	0	9	2	怪人研究所-智慧第4层	通关提升智原素获取效率<color=#00D900>22%</color>	39	8	0	0	12	0
25	103	5	12	0	501205	0	20052	1,1,1|1,1,1|1,1,1|1,1,1	20052	第五层	指挥等级1级解锁	24	26	1	313100500	110051	idle_loop	 	340440105	三号怪人	全身装备厚重装甲的、具有大猩猩特征的怪人，喜欢以机器人的语调装酷。	110051	0	0	0	0	 	均衡@均衡掉落|智慧@智原素掉落会更多|运势@运原素掉落会更多|力量@力原素掉落会更多	105,10	800002000	0	50,-50	animation	46	35	3	4,6,11,12,15	我方单体伤害翻倍	0	9	2	怪人研究所-智慧第5层	通关提升智原素获取效率<color=#00D900>18%</color>	39	8	0	0	12	0
26	103	6	12	0	501206	0	20062	1,1,1|1,1,1|1,1,1|1,1,1	20062	第六层	指挥等级1级解锁	25	27	1	313100800	110051	idle_loop	 	340440105	三号怪人	全身装备厚重装甲的、具有大猩猩特征的怪人，喜欢以机器人的语调装酷。	110081	0	0	0	0	 	均衡@均衡掉落|智慧@智原素掉落会更多|运势@运原素掉落会更多|力量@力原素掉落会更多	106,10	800002000	0	50,-50	animation	54	36	3	4,6,11,12,15	我方单体伤害翻倍	0	9	2	怪人研究所-智慧第6层	通关提升智原素获取效率<color=#00D900>17%</color>	39	8	1	1210007	12	0
27	103	7	12	0	501207	0	20072	1,1,1|1,1,1|1,1,1|1,1,1	20072	第七层	指挥等级1级解锁	26	28	1	313103400	110051	idle_loop	 	340440105	三号怪人	全身装备厚重装甲的、具有大猩猩特征的怪人，喜欢以机器人的语调装酷。	110341	0	0	0	0	 	均衡@均衡掉落|智慧@智原素掉落会更多|运势@运原素掉落会更多|力量@力原素掉落会更多	107,10	800002000	0	50,-50	animation	64	41	3	4,6,11,12,15	我方单体伤害翻倍	0	9	2	怪人研究所-智慧第7层	通关提升智原素获取效率<color=#00D900>19%</color>	39	8	0	0	18	0
28	103	8	12	0	501208	0	20082	1,1,1|1,1,1|1,1,1|1,1,1	20082	第八层	指挥等级1级解锁	27	29	1	313100900	110051	idle_loop	 	340440105	三号怪人	全身装备厚重装甲的、具有大猩猩特征的怪人，喜欢以机器人的语调装酷。	110091	0	0	0	0	 	均衡@均衡掉落|智慧@智原素掉落会更多|运势@运原素掉落会更多|力量@力原素掉落会更多	108,10	800002000	0	50,-50	animation	72	45	3	4,6,11,12,15	我方单体伤害翻倍	0	9	2	怪人研究所-智慧第8层	通关提升智原素获取效率<color=#00D900>13%</color>	39	8	0	0	18	0
29	103	9	12	0	501209	0	20092	1,1,1|1,1,1|1,1,1|1,1,1	20092	第九层	指挥等级1级解锁	28	30	1	313101000	110051	idle_loop	 	340440105	三号怪人	全身装备厚重装甲的、具有大猩猩特征的怪人，喜欢以机器人的语调装酷。	110101	0	0	0	0	 	均衡@均衡掉落|智慧@智原素掉落会更多|运势@运原素掉落会更多|力量@力原素掉落会更多	109,10	800002000	0	50,-50	animation	79	50	3	4,6,11,12,15	我方单体伤害翻倍	0	9	2	怪人研究所-智慧第9层	通关提升智原素获取效率<color=#00D900>10%</color>	39	8	0	0	18	0
30	103	10	12	0	501210	0	20102	1,1,1|1,1,1|1,1,1|1,1,1	20102	第十层	指挥等级1级解锁	29	41	1	313103600	110051	idle_loop	 	340440105	三号怪人	全身装备厚重装甲的、具有大猩猩特征的怪人，喜欢以机器人的语调装酷。	110361	0	0	0	0	 	均衡@均衡掉落|智慧@智原素掉落会更多|运势@运原素掉落会更多|力量@力原素掉落会更多	110,10	800002000	0	50,-50	animation	87	56	3	4,6,11,12,15	我方单体伤害翻倍	0	9	2	怪人研究所-智慧第10层	通关提升智原素获取效率<color=#00D900>10%</color>	39	8	0	0	18	0
41	103	11	12	0	501211	0	20112	1,1,1|1,1,1|1,1,1|1,1,1	20112	第十一层	指挥等级1级解锁	30	42	1	313100800	110051	idle_loop	 	340440105	三号怪人	全身装备厚重装甲的、具有大猩猩特征的怪人，喜欢以机器人的语调装酷。	110081	0	0	0	0	 	均衡@均衡掉落|智慧@智原素掉落会更多|运势@运原素掉落会更多|力量@力原素掉落会更多	111,10	800002000	0	50,-50	animation	95	64	3	4,6,11,12,15	我方单体伤害翻倍	0	9	2	怪人研究所-智慧第6层	通关提升智原素获取效率<color=#00D900>9%</color>	39	8	0	0	27	0
42	103	12	12	0	501212	0	20122	1,1,1|1,1,1|1,1,1|1,1,1	20122	第十二层	指挥等级1级解锁	41	43	1	313103400	110051	idle_loop	 	340440105	三号怪人	全身装备厚重装甲的、具有大猩猩特征的怪人，喜欢以机器人的语调装酷。	110341	0	0	0	0	 	均衡@均衡掉落|智慧@智原素掉落会更多|运势@运原素掉落会更多|力量@力原素掉落会更多	112,10	800002000	0	50,-50	animation	103	70	3	4,6,11,12,15	我方单体伤害翻倍	0	9	2	怪人研究所-智慧第7层	通关提升智原素获取效率<color=#00D900>8%</color>	39	8	0	0	27	0
43	103	13	12	0	501213	0	20132	1,1,1|1,1,1|1,1,1|1,1,1	20132	第十三层	指挥等级1级解锁	42	44	1	313100900	110051	idle_loop	 	340440105	三号怪人	全身装备厚重装甲的、具有大猩猩特征的怪人，喜欢以机器人的语调装酷。	110091	0	0	0	0	 	均衡@均衡掉落|智慧@智原素掉落会更多|运势@运原素掉落会更多|力量@力原素掉落会更多	113,10	800002000	0	50,-50	animation	111	76	3	4,6,11,12,15	我方单体伤害翻倍	0	9	2	怪人研究所-智慧第8层	通关提升智原素获取效率<color=#00D900>8%</color>	39	8	0	0	27	0
44	103	14	12	0	501214	0	20142	1,1,1|1,1,1|1,1,1|1,1,1	20142	第十四层	指挥等级1级解锁	43	45	1	313101000	110051	idle_loop	 	340440105	三号怪人	全身装备厚重装甲的、具有大猩猩特征的怪人，喜欢以机器人的语调装酷。	110101	0	0	0	0	 	均衡@均衡掉落|智慧@智原素掉落会更多|运势@运原素掉落会更多|力量@力原素掉落会更多	114,10	800002000	0	50,-50	animation	119	82	3	4,6,11,12,15	我方单体伤害翻倍	0	9	2	怪人研究所-智慧第9层	通关提升智原素获取效率<color=#00D900>7%</color>	39	8	0	0	27	0
45	103	15	12	0	501215	0	20152	1,1,1|1,1,1|1,1,1|1,1,1	20152	第十五层	指挥等级1级解锁	44	0	1	313103600	110051	idle_loop	 	340440105	三号怪人	全身装备厚重装甲的、具有大猩猩特征的怪人，喜欢以机器人的语调装酷。	110361	0	0	0	0	 	均衡@均衡掉落|智慧@智原素掉落会更多|运势@运原素掉落会更多|力量@力原素掉落会更多	115,10	800002000	0	50,-50	animation	127	88	3	4,6,11,12,15	我方单体伤害翻倍	0	9	2	怪人研究所-智慧第10层	通关提升智原素获取效率<color=#00D900>6%</color>	39	8	0	0	27	0
101	201	1	12	0	502001	0	30013	1,1,1,1|1,1,1|1,1,1|1,1,1	30013	第一层	指挥等级27级解锁	0	102	27	0	1002811	idle_loop	 	340441009	9	340442009	1003711	1	0	0	0	 	均衡@均衡产出辅助、攻击、防御源核|辅助计划@能量引擎 电池背包 怪杰奇侠 声势应援 元气英雄|攻击计划@奥传快刀 刚柔并济 机械武装 心眼突袭 热血青春|防御计划@战术装甲 刚体之魂 防弹背心 念力屏障 爱之守护	201,0	0	1	0	 	0	1	0	7,9,16,18,19	 	0	6	3	英雄试炼-攻击第1层	 	6	2	0	0	0	340442201
102	201	2	12	0	502002	0	30023	1,1,1,1|1,1,1|1,1,1|1,1,1	30023	第二层	指挥等级1级解锁	101	103	1	0	1002811	idle_loop	 	340441009	9	340442009	1003711	1	0	0	0	 	均衡@均衡产出辅助、攻击、防御源核|辅助计划@能量引擎 电池背包 怪杰奇侠 声势应援 元气英雄|攻击计划@奥传快刀 刚柔并济 机械武装 心眼突袭 热血青春|防御计划@战术装甲 刚体之魂 防弹背心 念力屏障 爱之守护	202,0	0	1	0	 	0	35	0	7,9,16,18,19	 	0	6	3	英雄试炼-攻击第2层	 	6	2	2	1	0	340442201
103	201	3	12	0	502003	0	30033	1,1,1,1|1,1,1|1,1,1|1,1,1	30033	第三层	指挥等级1级解锁	102	104	1	0	1002912	idle_loop	 	340441009	9	340442009	1003311	1	0	0	0	 	均衡@均衡产出辅助、攻击、防御源核|辅助计划@能量引擎 电池背包 怪杰奇侠 声势应援 元气英雄|攻击计划@奥传快刀 刚柔并济 机械武装 心眼突袭 热血青春|防御计划@战术装甲 刚体之魂 防弹背心 念力屏障 爱之守护	203,10	0	1	0	 	0	36	0	7,9,16,18,19	 	0	6	3	英雄试炼-攻击第3层	 	6	2	0	0	0	340442201
104	201	4	12	0	502004	0	30043	1,1,1,1|1,1,1|1,1,1|1,1,1	30043	第四层	指挥等级1级解锁	103	105	1	0	1002912	idle_loop	 	340441009	9	340442009	1003311	1	0	0	0	 	均衡@均衡产出辅助、攻击、防御源核|辅助计划@能量引擎 电池背包 怪杰奇侠 声势应援 元气英雄|攻击计划@奥传快刀 刚柔并济 机械武装 心眼突袭 热血青春|防御计划@战术装甲 刚体之魂 防弹背心 念力屏障 爱之守护	204,10	0	1	0	 	0	40	0	7,9,16,18,19	 	0	6	3	英雄试炼-攻击第4层	 	6	2	0	0	0	340442201
105	201	5	12	0	502005	0	30053	1,1,1,1|1,1,1|1,1,1|1,1,1	30053	第五层	指挥等级1级解锁	104	106	1	0	1002811	idle_loop	 	340441009	9	340442009	1000411	1	0	0	0	 	均衡@均衡产出辅助、攻击、防御源核|辅助计划@能量引擎 电池背包 怪杰奇侠 声势应援 元气英雄|攻击计划@奥传快刀 刚柔并济 机械武装 心眼突袭 热血青春|防御计划@战术装甲 刚体之魂 防弹背心 念力屏障 爱之守护	205,10	0	1	0	 	0	41	0	7,9,16,18,19	 	0	6	3	英雄试炼-攻击第5层	 	6	2	2	2	0	340442201
106	201	6	12	0	502006	0	30063	1,1,1,1|1,1,1|1,1,1|1,1,1	30063	第六层	指挥等级1级解锁	105	107	1	0	1002811	idle_loop	 	340441009	9	340442009	1000411	1	0	0	0	 	均衡@均衡产出辅助、攻击、防御源核|辅助计划@能量引擎 电池背包 怪杰奇侠 声势应援 元气英雄|攻击计划@奥传快刀 刚柔并济 机械武装 心眼突袭 热血青春|防御计划@战术装甲 刚体之魂 防弹背心 念力屏障 爱之守护	206,10	0	1	0	 	0	45	0	7,9,16,18,19	 	0	6	3	英雄试炼-攻击第6层	 	6	2	0	0	0	340442201
107	201	7	12	0	502007	0	30073	1,1,1,1|1,1,1|1,1,1|1,1,1	30073	第七层	指挥等级1级解锁	106	108	1	0	1002912	idle_loop	 	340441009	9	340442009	1001211	1	0	0	0	 	均衡@均衡产出辅助、攻击、防御源核|辅助计划@能量引擎 电池背包 怪杰奇侠 声势应援 元气英雄|攻击计划@奥传快刀 刚柔并济 机械武装 心眼突袭 热血青春|防御计划@战术装甲 刚体之魂 防弹背心 念力屏障 爱之守护	207,10	0	1	0	 	0	46	0	7,9,16,18,19	 	0	6	3	英雄试炼-攻击第7层	 	6	2	0	0	0	340442201
108	201	8	12	0	502008	0	30083	1,1,1,1|1,1,1|1,1,1|1,1,1	30083	第八层	指挥等级1级解锁	107	109	1	0	1002912	idle_loop	 	340441009	9	340442009	1001211	1	0	0	0	 	均衡@均衡产出辅助、攻击、防御源核|辅助计划@能量引擎 电池背包 怪杰奇侠 声势应援 元气英雄|攻击计划@奥传快刀 刚柔并济 机械武装 心眼突袭 热血青春|防御计划@战术装甲 刚体之魂 防弹背心 念力屏障 爱之守护	208,10	0	1	0	 	0	53	0	7,9,16,18,19	 	0	6	3	英雄试炼-攻击第8层	 	6	2	0	0	0	340442201
109	201	9	12	0	502009	0	30093	1,1,1,1|1,1,1|1,1,1|1,1,1	30093	第九层	指挥等级1级解锁	108	110	1	0	1002811	idle_loop	 	340441009	9	340442009	1001111	1	0	0	0	 	均衡@均衡产出辅助、攻击、防御源核|辅助计划@能量引擎 电池背包 怪杰奇侠 声势应援 元气英雄|攻击计划@奥传快刀 刚柔并济 机械武装 心眼突袭 热血青春|防御计划@战术装甲 刚体之魂 防弹背心 念力屏障 爱之守护	209,10	0	1	0	 	0	56	0	7,9,16,18,19	 	0	6	3	英雄试炼-攻击第9层	 	6	2	2	3	0	340442201
110	201	10	12	0	502010	0	30103	1,1,1,1|1,1,1|1,1,1|1,1,1	30103	第十层	指挥等级1级解锁	109	111	1	0	1002811	idle_loop	 	340441009	9	340442009	1001111	1	0	0	0	 	均衡@均衡产出辅助、攻击、防御源核|辅助计划@能量引擎 电池背包 怪杰奇侠 声势应援 元气英雄|攻击计划@奥传快刀 刚柔并济 机械武装 心眼突袭 热血青春|防御计划@战术装甲 刚体之魂 防弹背心 念力屏障 爱之守护	210,10	0	1	0	 	0	58	0	7,9,16,18,19	 	0	6	3	英雄试炼-攻击第10层	 	6	2	0	0	0	340442201
111	201	11	12	0	502011	0	30113	1,1,1,1|1,1,1|1,1,1|1,1,1	30113	第十一层	指挥等级1级解锁	110	112	1	0	1002912	idle_loop	 	340441009	9	340442009	1000811	1	0	0	0	 	均衡@均衡产出辅助、攻击、防御源核|辅助计划@能量引擎 电池背包 怪杰奇侠 声势应援 元气英雄|攻击计划@奥传快刀 刚柔并济 机械武装 心眼突袭 热血青春|防御计划@战术装甲 刚体之魂 防弹背心 念力屏障 爱之守护	211,10	0	1	0	 	0	60	0	7,9,16,18,19	 	0	6	3	英雄试炼-攻击第11层	 	6	2	0	0	0	340442201
112	201	12	12	0	502012	0	30123	1,1,1,1|1,1,1|1,1,1|1,1,1	30123	第十二层	指挥等级1级解锁	111	113	1	0	1002912	idle_loop	 	340441009	9	340442009	1000811	1	0	0	0	 	均衡@均衡产出辅助、攻击、防御源核|辅助计划@能量引擎 电池背包 怪杰奇侠 声势应援 元气英雄|攻击计划@奥传快刀 刚柔并济 机械武装 心眼突袭 热血青春|防御计划@战术装甲 刚体之魂 防弹背心 念力屏障 爱之守护	212,10	0	1	0	 	0	63	0	7,9,16,18,19	 	0	6	3	英雄试炼-攻击第12层	 	6	2	0	0	0	340442201
113	201	13	12	0	502013	0	30133	1,1,1,1|1,1,1|1,1,1|1,1,1	30133	第十三层	指挥等级1级解锁	112	114	1	0	1002811	idle_loop	 	340441009	9	340442009	1000811	1	0	0	0	 	均衡@均衡产出辅助、攻击、防御源核|辅助计划@能量引擎 电池背包 怪杰奇侠 声势应援 元气英雄|攻击计划@奥传快刀 刚柔并济 机械武装 心眼突袭 热血青春|防御计划@战术装甲 刚体之魂 防弹背心 念力屏障 爱之守护	213,10	0	1	0	 	0	65	0	7,9,16,18,19	 	0	6	3	英雄试炼-攻击第13层	 	6	2	0	0	0	340442201
114	201	14	12	0	502014	0	30143	1,1,1,1|1,1,1|1,1,1|1,1,1	30143	第十四层	指挥等级1级解锁	113	115	1	0	1002811	idle_loop	 	340441009	9	340442009	1000811	1	0	0	0	 	均衡@均衡产出辅助、攻击、防御源核|辅助计划@能量引擎 电池背包 怪杰奇侠 声势应援 元气英雄|攻击计划@奥传快刀 刚柔并济 机械武装 心眼突袭 热血青春|防御计划@战术装甲 刚体之魂 防弹背心 念力屏障 爱之守护	214,10	0	1	0	 	0	66	0	7,9,16,18,19	 	0	6	3	英雄试炼-攻击第14层	 	6	2	0	0	0	340442201
115	201	15	12	0	502015	0	30153	1,1,1,1|1,1,1|1,1,1|1,1,1	30153	第十五层	指挥等级1级解锁	114	116	1	0	1002912	idle_loop	 	340441009	9	340442009	1000811	1	0	0	0	 	均衡@均衡产出辅助、攻击、防御源核|辅助计划@能量引擎 电池背包 怪杰奇侠 声势应援 元气英雄|攻击计划@奥传快刀 刚柔并济 机械武装 心眼突袭 热血青春|防御计划@战术装甲 刚体之魂 防弹背心 念力屏障 爱之守护	215,10	0	1	0	 	0	68	0	7,9,16,18,19	 	0	6	3	英雄试炼-攻击第15层	 	6	2	2	4	0	340442201
116	201	16	12	0	502016	0	30163	1,1,1,1|1,1,1|1,1,1|1,1,1	30163	第十六层	指挥等级1级解锁	115	117	1	0	1002912	idle_loop	 	340441009	9	340442009	1000811	1	0	0	0	 	均衡@均衡产出辅助、攻击、防御源核|辅助计划@能量引擎 电池背包 怪杰奇侠 声势应援 元气英雄|攻击计划@奥传快刀 刚柔并济 机械武装 心眼突袭 热血青春|防御计划@战术装甲 刚体之魂 防弹背心 念力屏障 爱之守护	216,10	0	1	0	 	0	70	0	7,9,16,18,19	 	0	6	3	英雄试炼-攻击第16层	 	6	2	0	0	0	340442201
117	201	17	12	0	502017	0	30173	1,1,1,1|1,1,1|1,1,1|1,1,1	30173	第十七层	指挥等级1级解锁	116	118	1	0	1002811	idle_loop	 	340441009	9	340442009	1000811	1	0	0	0	 	均衡@均衡产出辅助、攻击、防御源核|辅助计划@能量引擎 电池背包 怪杰奇侠 声势应援 元气英雄|攻击计划@奥传快刀 刚柔并济 机械武装 心眼突袭 热血青春|防御计划@战术装甲 刚体之魂 防弹背心 念力屏障 爱之守护	217,10	0	1	0	 	0	73	0	7,9,16,18,19	 	0	6	3	英雄试炼-攻击第17层	 	6	2	0	0	0	340442201
118	201	18	12	0	502018	0	30183	1,1,1,1|1,1,1|1,1,1|1,1,1	30183	第十八层	指挥等级1级解锁	117	119	1	0	1002811	idle_loop	 	340441009	9	340442009	1000811	1	0	0	0	 	均衡@均衡产出辅助、攻击、防御源核|辅助计划@能量引擎 电池背包 怪杰奇侠 声势应援 元气英雄|攻击计划@奥传快刀 刚柔并济 机械武装 心眼突袭 热血青春|防御计划@战术装甲 刚体之魂 防弹背心 念力屏障 爱之守护	218,10	0	1	0	 	0	75	0	7,9,16,18,19	 	0	6	3	英雄试炼-攻击第18层	 	6	2	0	0	0	340442201
119	201	19	12	0	502019	0	30193	1,1,1,1|1,1,1|1,1,1|1,1,1	30193	第十九层	指挥等级1级解锁	118	120	1	0	1002912	idle_loop	 	340441009	9	340442009	1000811	1	0	0	0	 	均衡@均衡产出辅助、攻击、防御源核|辅助计划@能量引擎 电池背包 怪杰奇侠 声势应援 元气英雄|攻击计划@奥传快刀 刚柔并济 机械武装 心眼突袭 热血青春|防御计划@战术装甲 刚体之魂 防弹背心 念力屏障 爱之守护	219,10	0	1	0	 	0	76	0	7,9,16,18,19	 	0	6	3	英雄试炼-攻击第19层	 	6	2	0	0	0	340442201
120	201	20	12	0	502020	0	30203	1,1,1,1|1,1,1|1,1,1|1,1,1	30203	第二十层	指挥等级1级解锁	119	0	1	0	1002912	idle_loop	 	340441009	9	340442009	1000811	1	0	0	0	 	均衡@均衡产出辅助、攻击、防御源核|辅助计划@能量引擎 电池背包 怪杰奇侠 声势应援 元气英雄|攻击计划@奥传快刀 刚柔并济 机械武装 心眼突袭 热血青春|防御计划@战术装甲 刚体之魂 防弹背心 念力屏障 爱之守护	220,10	0	1	0	 	0	78	0	7,9,16,18,19	 	0	6	3	英雄试炼-攻击第20层	 	6	2	0	0	0	340442201
121	202	1	12	0	502101	0	30014	1,1,1,1|1,1,1|1,1,1|1,1,1	30014	第一层	指挥等级1级解锁	0	122	1	0	1002811	idle_loop	 	340441004	4	340442050	1003711	1	0	0	0	 	均衡@均衡产出辅助、攻击、防御源核|辅助计划@能量引擎 电池背包 怪杰奇侠 声势应援 元气英雄|攻击计划@奥传快刀 刚柔并济 机械武装 心眼突袭 热血青春|防御计划@战术装甲 刚体之魂 防弹背心 念力屏障 爱之守护	201,0	0	1	0	 	0	1	0	7,9,16,18,19	 	0	10	3	英雄试炼-防御第1层	 	4	8	0	0	0	340442202
122	202	2	12	0	502102	0	30024	1,1,1,1|1,1,1|1,1,1|1,1,1	30024	第二层	指挥等级1级解锁	121	123	1	0	1002811	idle_loop	 	340441004	4	340442050	1003711	1	0	0	0	 	均衡@均衡产出辅助、攻击、防御源核|辅助计划@能量引擎 电池背包 怪杰奇侠 声势应援 元气英雄|攻击计划@奥传快刀 刚柔并济 机械武装 心眼突袭 热血青春|防御计划@战术装甲 刚体之魂 防弹背心 念力屏障 爱之守护	202,0	0	1	0	 	0	35	0	7,9,16,18,19	 	0	10	3	英雄试炼-防御第2层	 	4	8	2	1	0	340442202
123	202	3	12	0	502103	0	30034	1,1,1,1|1,1,1|1,1,1|1,1,1	30034	第三层	指挥等级1级解锁	122	124	1	0	1002912	idle_loop	 	340441004	4	340442050	1003311	1	0	0	0	 	均衡@均衡产出辅助、攻击、防御源核|辅助计划@能量引擎 电池背包 怪杰奇侠 声势应援 元气英雄|攻击计划@奥传快刀 刚柔并济 机械武装 心眼突袭 热血青春|防御计划@战术装甲 刚体之魂 防弹背心 念力屏障 爱之守护	203,10	0	1	0	 	0	36	0	7,9,16,18,19	 	0	10	3	英雄试炼-防御第3层	 	4	8	0	0	0	340442202
124	202	4	12	0	502104	0	30044	1,1,1,1|1,1,1|1,1,1|1,1,1	30044	第四层	指挥等级1级解锁	123	125	1	0	1002912	idle_loop	 	340441004	4	340442050	1003311	1	0	0	0	 	均衡@均衡产出辅助、攻击、防御源核|辅助计划@能量引擎 电池背包 怪杰奇侠 声势应援 元气英雄|攻击计划@奥传快刀 刚柔并济 机械武装 心眼突袭 热血青春|防御计划@战术装甲 刚体之魂 防弹背心 念力屏障 爱之守护	204,10	0	1	0	 	0	40	0	7,9,16,18,19	 	0	10	3	英雄试炼-防御第4层	 	4	8	0	0	0	340442202
125	202	5	12	0	502105	0	30054	1,1,1,1|1,1,1|1,1,1|1,1,1	30054	第五层	指挥等级1级解锁	124	126	1	0	1002811	idle_loop	 	340441004	4	340442050	1000411	1	0	0	0	 	均衡@均衡产出辅助、攻击、防御源核|辅助计划@能量引擎 电池背包 怪杰奇侠 声势应援 元气英雄|攻击计划@奥传快刀 刚柔并济 机械武装 心眼突袭 热血青春|防御计划@战术装甲 刚体之魂 防弹背心 念力屏障 爱之守护	205,10	0	1	0	 	0	41	0	7,9,16,18,19	 	0	10	3	英雄试炼-防御第5层	 	4	8	2	2	0	340442202
126	202	6	12	0	502106	0	30064	1,1,1,1|1,1,1|1,1,1|1,1,1	30064	第六层	指挥等级1级解锁	125	127	1	0	1002811	idle_loop	 	340441004	4	340442050	1000411	1	0	0	0	 	均衡@均衡产出辅助、攻击、防御源核|辅助计划@能量引擎 电池背包 怪杰奇侠 声势应援 元气英雄|攻击计划@奥传快刀 刚柔并济 机械武装 心眼突袭 热血青春|防御计划@战术装甲 刚体之魂 防弹背心 念力屏障 爱之守护	206,10	0	1	0	 	0	45	0	7,9,16,18,19	 	0	10	3	英雄试炼-防御第6层	 	4	8	0	0	0	340442202
127	202	7	12	0	502107	0	30074	1,1,1,1|1,1,1|1,1,1|1,1,1	30074	第七层	指挥等级1级解锁	126	128	1	0	1002912	idle_loop	 	340441004	4	340442050	1001211	1	0	0	0	 	均衡@均衡产出辅助、攻击、防御源核|辅助计划@能量引擎 电池背包 怪杰奇侠 声势应援 元气英雄|攻击计划@奥传快刀 刚柔并济 机械武装 心眼突袭 热血青春|防御计划@战术装甲 刚体之魂 防弹背心 念力屏障 爱之守护	207,10	0	1	0	 	0	46	0	7,9,16,18,19	 	0	10	3	英雄试炼-防御第7层	 	4	8	0	0	0	340442202
128	202	8	12	0	502108	0	30084	1,1,1,1|1,1,1|1,1,1|1,1,1	30084	第八层	指挥等级1级解锁	127	129	1	0	1002912	idle_loop	 	340441004	4	340442050	1001211	1	0	0	0	 	均衡@均衡产出辅助、攻击、防御源核|辅助计划@能量引擎 电池背包 怪杰奇侠 声势应援 元气英雄|攻击计划@奥传快刀 刚柔并济 机械武装 心眼突袭 热血青春|防御计划@战术装甲 刚体之魂 防弹背心 念力屏障 爱之守护	208,10	0	1	0	 	0	53	0	7,9,16,18,19	 	0	10	3	英雄试炼-防御第8层	 	4	8	0	0	0	340442202
129	202	9	12	0	502109	0	30094	1,1,1,1|1,1,1|1,1,1|1,1,1	30094	第九层	指挥等级1级解锁	128	130	1	0	1002811	idle_loop	 	340441004	4	340442050	1001111	1	0	0	0	 	均衡@均衡产出辅助、攻击、防御源核|辅助计划@能量引擎 电池背包 怪杰奇侠 声势应援 元气英雄|攻击计划@奥传快刀 刚柔并济 机械武装 心眼突袭 热血青春|防御计划@战术装甲 刚体之魂 防弹背心 念力屏障 爱之守护	209,10	0	1	0	 	0	56	0	7,9,16,18,19	 	0	10	3	英雄试炼-防御第9层	 	4	8	2	3	0	340442202
130	202	10	12	0	502110	0	30104	1,1,1,1|1,1,1|1,1,1|1,1,1	30104	第十层	指挥等级1级解锁	129	131	1	0	1002811	idle_loop	 	340441004	4	340442050	1001111	1	0	0	0	 	均衡@均衡产出辅助、攻击、防御源核|辅助计划@能量引擎 电池背包 怪杰奇侠 声势应援 元气英雄|攻击计划@奥传快刀 刚柔并济 机械武装 心眼突袭 热血青春|防御计划@战术装甲 刚体之魂 防弹背心 念力屏障 爱之守护	210,10	0	1	0	 	0	58	0	7,9,16,18,19	 	0	10	3	英雄试炼-防御第10层	 	4	8	0	0	0	340442202
131	202	11	12	0	502111	0	30114	1,1,1,1|1,1,1|1,1,1|1,1,1	30114	第十一层	指挥等级1级解锁	130	132	1	0	1002912	idle_loop	 	340441004	4	340442050	1000811	1	0	0	0	 	均衡@均衡产出辅助、攻击、防御源核|辅助计划@能量引擎 电池背包 怪杰奇侠 声势应援 元气英雄|攻击计划@奥传快刀 刚柔并济 机械武装 心眼突袭 热血青春|防御计划@战术装甲 刚体之魂 防弹背心 念力屏障 爱之守护	211,10	0	1	0	 	0	60	0	7,9,16,18,19	 	0	10	3	英雄试炼-防御第11层	 	4	8	0	0	0	340442202
132	202	12	12	0	502112	0	30124	1,1,1,1|1,1,1|1,1,1|1,1,1	30124	第十二层	指挥等级1级解锁	131	133	1	0	1002912	idle_loop	 	340441004	4	340442050	1000811	1	0	0	0	 	均衡@均衡产出辅助、攻击、防御源核|辅助计划@能量引擎 电池背包 怪杰奇侠 声势应援 元气英雄|攻击计划@奥传快刀 刚柔并济 机械武装 心眼突袭 热血青春|防御计划@战术装甲 刚体之魂 防弹背心 念力屏障 爱之守护	212,10	0	1	0	 	0	63	0	7,9,16,18,19	 	0	10	3	英雄试炼-防御第12层	 	4	8	0	0	0	340442202
133	202	13	12	0	502113	0	30134	1,1,1,1|1,1,1|1,1,1|1,1,1	30134	第十三层	指挥等级1级解锁	132	134	1	0	1002811	idle_loop	 	340441004	4	340442050	1000811	1	0	0	0	 	均衡@均衡产出辅助、攻击、防御源核|辅助计划@能量引擎 电池背包 怪杰奇侠 声势应援 元气英雄|攻击计划@奥传快刀 刚柔并济 机械武装 心眼突袭 热血青春|防御计划@战术装甲 刚体之魂 防弹背心 念力屏障 爱之守护	213,10	0	1	0	 	0	65	0	7,9,16,18,19	 	0	10	3	英雄试炼-防御第13层	 	4	8	0	0	0	340442202
134	202	14	12	0	502114	0	30144	1,1,1,1|1,1,1|1,1,1|1,1,1	30144	第十四层	指挥等级1级解锁	133	135	1	0	1002811	idle_loop	 	340441004	4	340442050	1000811	1	0	0	0	 	均衡@均衡产出辅助、攻击、防御源核|辅助计划@能量引擎 电池背包 怪杰奇侠 声势应援 元气英雄|攻击计划@奥传快刀 刚柔并济 机械武装 心眼突袭 热血青春|防御计划@战术装甲 刚体之魂 防弹背心 念力屏障 爱之守护	214,10	0	1	0	 	0	66	0	7,9,16,18,19	 	0	10	3	英雄试炼-防御第14层	 	4	8	0	0	0	340442202
135	202	15	12	0	502115	0	30154	1,1,1,1|1,1,1|1,1,1|1,1,1	30154	第十五层	指挥等级1级解锁	134	136	1	0	1002912	idle_loop	 	340441004	4	340442050	1000811	1	0	0	0	 	均衡@均衡产出辅助、攻击、防御源核|辅助计划@能量引擎 电池背包 怪杰奇侠 声势应援 元气英雄|攻击计划@奥传快刀 刚柔并济 机械武装 心眼突袭 热血青春|防御计划@战术装甲 刚体之魂 防弹背心 念力屏障 爱之守护	215,10	0	1	0	 	0	68	0	7,9,16,18,19	 	0	10	3	英雄试炼-防御第15层	 	4	8	2	4	0	340442202
136	202	16	12	0	502116	0	30164	1,1,1,1|1,1,1|1,1,1|1,1,1	30164	第十六层	指挥等级1级解锁	135	137	1	0	1002912	idle_loop	 	340441004	4	340442004	1000811	1	0	0	0	 	均衡@均衡产出辅助、攻击、防御源核|辅助计划@能量引擎 电池背包 怪杰奇侠 声势应援 元气英雄|攻击计划@奥传快刀 刚柔并济 机械武装 心眼突袭 热血青春|防御计划@战术装甲 刚体之魂 防弹背心 念力屏障 爱之守护	216,10	0	1	0	 	0	70	0	7,9,16,18,19	 	0	10	3	英雄试炼-防御第16层	 	4	8	0	0	0	340442202
137	202	17	12	0	502117	0	30174	1,1,1,1|1,1,1|1,1,1|1,1,1	30174	第十七层	指挥等级1级解锁	136	138	1	0	1002811	idle_loop	 	340441004	4	340442004	1000811	1	0	0	0	 	均衡@均衡产出辅助、攻击、防御源核|辅助计划@能量引擎 电池背包 怪杰奇侠 声势应援 元气英雄|攻击计划@奥传快刀 刚柔并济 机械武装 心眼突袭 热血青春|防御计划@战术装甲 刚体之魂 防弹背心 念力屏障 爱之守护	217,10	0	1	0	 	0	73	0	7,9,16,18,19	 	0	10	3	英雄试炼-防御第17层	 	4	8	0	0	0	340442202
138	202	18	12	0	502118	0	30184	1,1,1,1|1,1,1|1,1,1|1,1,1	30184	第十八层	指挥等级1级解锁	137	139	1	0	1002811	idle_loop	 	340441004	4	340442004	1000811	1	0	0	0	 	均衡@均衡产出辅助、攻击、防御源核|辅助计划@能量引擎 电池背包 怪杰奇侠 声势应援 元气英雄|攻击计划@奥传快刀 刚柔并济 机械武装 心眼突袭 热血青春|防御计划@战术装甲 刚体之魂 防弹背心 念力屏障 爱之守护	218,10	0	1	0	 	0	75	0	7,9,16,18,19	 	0	10	3	英雄试炼-防御第18层	 	4	8	0	0	0	340442202
139	202	19	12	0	502119	0	30194	1,1,1,1|1,1,1|1,1,1|1,1,1	30194	第十九层	指挥等级1级解锁	138	140	1	0	1002912	idle_loop	 	340441004	4	340442004	1000811	1	0	0	0	 	均衡@均衡产出辅助、攻击、防御源核|辅助计划@能量引擎 电池背包 怪杰奇侠 声势应援 元气英雄|攻击计划@奥传快刀 刚柔并济 机械武装 心眼突袭 热血青春|防御计划@战术装甲 刚体之魂 防弹背心 念力屏障 爱之守护	219,10	0	1	0	 	0	76	0	7,9,16,18,19	 	0	10	3	英雄试炼-防御第19层	 	4	8	0	0	0	340442202
140	202	20	12	0	502120	0	30204	1,1,1,1|1,1,1|1,1,1|1,1,1	30204	第二十层	指挥等级1级解锁	139	0	1	0	1002912	idle_loop	 	340441004	4	340442004	1000811	1	0	0	0	 	均衡@均衡产出辅助、攻击、防御源核|辅助计划@能量引擎 电池背包 怪杰奇侠 声势应援 元气英雄|攻击计划@奥传快刀 刚柔并济 机械武装 心眼突袭 热血青春|防御计划@战术装甲 刚体之魂 防弹背心 念力屏障 爱之守护	220,10	0	1	0	 	0	78	0	7,9,16,18,19	 	0	10	3	英雄试炼-防御第20层	 	4	8	0	0	0	340442202
141	203	1	12	0	502201	0	30012	1,1,1,1|1,1,1|1,1,1|1,1,1	30012	第一层	指挥等级1级解锁	0	142	1	0	1002811	idle_loop	 	340441002	2	340442002	1003711	1	0	0	0	 	均衡@均衡产出辅助、攻击、防御源核|辅助计划@能量引擎 电池背包 怪杰奇侠 声势应援 元气英雄|攻击计划@奥传快刀 刚柔并济 机械武装 心眼突袭 热血青春|防御计划@战术装甲 刚体之魂 防弹背心 念力屏障 爱之守护	201,0	0	1	0	 	0	1	0	7,9,16,18,19	 	0	11	3	英雄试炼-辅助第1层	 	6	2	0	0	0	340442203
142	203	2	12	0	502202	0	30022	1,1,1,1|1,1,1|1,1,1|1,1,1	30022	第二层	指挥等级1级解锁	141	143	1	0	1002811	idle_loop	 	340441002	2	340442002	1003711	1	0	0	0	 	均衡@均衡产出辅助、攻击、防御源核|辅助计划@能量引擎 电池背包 怪杰奇侠 声势应援 元气英雄|攻击计划@奥传快刀 刚柔并济 机械武装 心眼突袭 热血青春|防御计划@战术装甲 刚体之魂 防弹背心 念力屏障 爱之守护	202,0	0	1	0	 	0	35	0	7,9,16,18,19	 	0	11	3	英雄试炼-辅助第2层	 	6	2	2	1	0	340442203
143	203	3	12	0	502203	0	30032	1,1,1,1|1,1,1|1,1,1|1,1,1	30032	第三层	指挥等级1级解锁	142	144	1	0	1002912	idle_loop	 	340441002	2	340442002	1003311	1	0	0	0	 	均衡@均衡产出辅助、攻击、防御源核|辅助计划@能量引擎 电池背包 怪杰奇侠 声势应援 元气英雄|攻击计划@奥传快刀 刚柔并济 机械武装 心眼突袭 热血青春|防御计划@战术装甲 刚体之魂 防弹背心 念力屏障 爱之守护	203,10	0	1	0	 	0	36	0	7,9,16,18,19	 	0	11	3	英雄试炼-辅助第3层	 	6	2	0	0	0	340442203
144	203	4	12	0	502204	0	30042	1,1,1,1|1,1,1|1,1,1|1,1,1	30042	第四层	指挥等级1级解锁	143	145	1	0	1002912	idle_loop	 	340441002	2	340442002	1003311	1	0	0	0	 	均衡@均衡产出辅助、攻击、防御源核|辅助计划@能量引擎 电池背包 怪杰奇侠 声势应援 元气英雄|攻击计划@奥传快刀 刚柔并济 机械武装 心眼突袭 热血青春|防御计划@战术装甲 刚体之魂 防弹背心 念力屏障 爱之守护	204,10	0	1	0	 	0	40	0	7,9,16,18,19	 	0	11	3	英雄试炼-辅助第4层	 	6	2	0	0	0	340442203
145	203	5	12	0	502205	0	30052	1,1,1,1|1,1,1|1,1,1|1,1,1	30052	第五层	指挥等级1级解锁	144	146	1	0	1002811	idle_loop	 	340441002	2	340442002	1000411	1	0	0	0	 	均衡@均衡产出辅助、攻击、防御源核|辅助计划@能量引擎 电池背包 怪杰奇侠 声势应援 元气英雄|攻击计划@奥传快刀 刚柔并济 机械武装 心眼突袭 热血青春|防御计划@战术装甲 刚体之魂 防弹背心 念力屏障 爱之守护	205,10	0	1	0	 	0	41	0	7,9,16,18,19	 	0	11	3	英雄试炼-辅助第5层	 	6	2	2	2	0	340442203
146	203	6	12	0	502206	0	30062	1,1,1,1|1,1,1|1,1,1|1,1,1	30062	第六层	指挥等级1级解锁	145	147	1	0	1002811	idle_loop	 	340441002	2	340442002	1000411	1	0	0	0	 	均衡@均衡产出辅助、攻击、防御源核|辅助计划@能量引擎 电池背包 怪杰奇侠 声势应援 元气英雄|攻击计划@奥传快刀 刚柔并济 机械武装 心眼突袭 热血青春|防御计划@战术装甲 刚体之魂 防弹背心 念力屏障 爱之守护	206,10	0	1	0	 	0	45	0	7,9,16,18,19	 	0	11	3	英雄试炼-辅助第6层	 	6	2	0	0	0	340442203
147	203	7	12	0	502207	0	30072	1,1,1,1|1,1,1|1,1,1|1,1,1	30072	第七层	指挥等级1级解锁	146	148	1	0	1002912	idle_loop	 	340441002	2	340442002	1001211	1	0	0	0	 	均衡@均衡产出辅助、攻击、防御源核|辅助计划@能量引擎 电池背包 怪杰奇侠 声势应援 元气英雄|攻击计划@奥传快刀 刚柔并济 机械武装 心眼突袭 热血青春|防御计划@战术装甲 刚体之魂 防弹背心 念力屏障 爱之守护	207,10	0	1	0	 	0	46	0	7,9,16,18,19	 	0	11	3	英雄试炼-辅助第7层	 	6	2	0	0	0	340442203
148	203	8	12	0	502208	0	30082	1,1,1,1|1,1,1|1,1,1|1,1,1	30082	第八层	指挥等级1级解锁	147	149	1	0	1002912	idle_loop	 	340441002	2	340442002	1001211	1	0	0	0	 	均衡@均衡产出辅助、攻击、防御源核|辅助计划@能量引擎 电池背包 怪杰奇侠 声势应援 元气英雄|攻击计划@奥传快刀 刚柔并济 机械武装 心眼突袭 热血青春|防御计划@战术装甲 刚体之魂 防弹背心 念力屏障 爱之守护	208,10	0	1	0	 	0	53	0	7,9,16,18,19	 	0	11	3	英雄试炼-辅助第8层	 	6	2	0	0	0	340442203
149	203	9	12	0	502209	0	30092	1,1,1,1|1,1,1|1,1,1|1,1,1	30092	第九层	指挥等级1级解锁	148	150	1	0	1002811	idle_loop	 	340441002	2	340442002	1001111	1	0	0	0	 	均衡@均衡产出辅助、攻击、防御源核|辅助计划@能量引擎 电池背包 怪杰奇侠 声势应援 元气英雄|攻击计划@奥传快刀 刚柔并济 机械武装 心眼突袭 热血青春|防御计划@战术装甲 刚体之魂 防弹背心 念力屏障 爱之守护	209,10	0	1	0	 	0	56	0	7,9,16,18,19	 	0	11	3	英雄试炼-辅助第9层	 	6	2	2	3	0	340442203
150	203	10	12	0	502210	0	30102	1,1,1,1|1,1,1|1,1,1|1,1,1	30102	第十层	指挥等级1级解锁	149	151	1	0	1002811	idle_loop	 	340441002	2	340442002	1001111	1	0	0	0	 	均衡@均衡产出辅助、攻击、防御源核|辅助计划@能量引擎 电池背包 怪杰奇侠 声势应援 元气英雄|攻击计划@奥传快刀 刚柔并济 机械武装 心眼突袭 热血青春|防御计划@战术装甲 刚体之魂 防弹背心 念力屏障 爱之守护	210,10	0	1	0	 	0	58	0	7,9,16,18,19	 	0	11	3	英雄试炼-辅助第10层	 	6	2	0	0	0	340442203
151	203	11	12	0	502211	0	30112	1,1,1,1|1,1,1|1,1,1|1,1,1	30112	第十一层	指挥等级1级解锁	150	152	1	0	1002912	idle_loop	 	340441002	2	340442002	1000811	1	0	0	0	 	均衡@均衡产出辅助、攻击、防御源核|辅助计划@能量引擎 电池背包 怪杰奇侠 声势应援 元气英雄|攻击计划@奥传快刀 刚柔并济 机械武装 心眼突袭 热血青春|防御计划@战术装甲 刚体之魂 防弹背心 念力屏障 爱之守护	211,10	0	1	0	 	0	60	0	7,9,16,18,19	 	0	11	3	英雄试炼-辅助第11层	 	6	2	0	0	0	340442203
152	203	12	12	0	502212	0	30122	1,1,1,1|1,1,1|1,1,1|1,1,1	30122	第十二层	指挥等级1级解锁	151	153	1	0	1002912	idle_loop	 	340441002	2	340442002	1000811	1	0	0	0	 	均衡@均衡产出辅助、攻击、防御源核|辅助计划@能量引擎 电池背包 怪杰奇侠 声势应援 元气英雄|攻击计划@奥传快刀 刚柔并济 机械武装 心眼突袭 热血青春|防御计划@战术装甲 刚体之魂 防弹背心 念力屏障 爱之守护	212,10	0	1	0	 	0	63	0	7,9,16,18,19	 	0	11	3	英雄试炼-辅助第12层	 	6	2	0	0	0	340442203
153	203	13	12	0	502213	0	30132	1,1,1,1|1,1,1|1,1,1|1,1,1	30132	第十三层	指挥等级1级解锁	152	154	1	0	1002811	idle_loop	 	340441002	2	340442002	1000811	1	0	0	0	 	均衡@均衡产出辅助、攻击、防御源核|辅助计划@能量引擎 电池背包 怪杰奇侠 声势应援 元气英雄|攻击计划@奥传快刀 刚柔并济 机械武装 心眼突袭 热血青春|防御计划@战术装甲 刚体之魂 防弹背心 念力屏障 爱之守护	213,10	0	1	0	 	0	65	0	7,9,16,18,19	 	0	11	3	英雄试炼-辅助第13层	 	6	2	0	0	0	340442203
154	203	14	12	0	502214	0	30142	1,1,1,1|1,1,1|1,1,1|1,1,1	30142	第十四层	指挥等级1级解锁	153	155	1	0	1002811	idle_loop	 	340441002	2	340442002	1000811	1	0	0	0	 	均衡@均衡产出辅助、攻击、防御源核|辅助计划@能量引擎 电池背包 怪杰奇侠 声势应援 元气英雄|攻击计划@奥传快刀 刚柔并济 机械武装 心眼突袭 热血青春|防御计划@战术装甲 刚体之魂 防弹背心 念力屏障 爱之守护	214,10	0	1	0	 	0	66	0	7,9,16,18,19	 	0	11	3	英雄试炼-辅助第14层	 	6	2	0	0	0	340442203
155	203	15	12	0	502215	0	30152	1,1,1,1|1,1,1|1,1,1|1,1,1	30152	第十五层	指挥等级1级解锁	154	156	1	0	1002912	idle_loop	 	340441002	2	340442002	1000811	1	0	0	0	 	均衡@均衡产出辅助、攻击、防御源核|辅助计划@能量引擎 电池背包 怪杰奇侠 声势应援 元气英雄|攻击计划@奥传快刀 刚柔并济 机械武装 心眼突袭 热血青春|防御计划@战术装甲 刚体之魂 防弹背心 念力屏障 爱之守护	215,10	0	1	0	 	0	68	0	7,9,16,18,19	 	0	11	3	英雄试炼-辅助第15层	 	6	2	2	4	0	340442203
156	203	16	12	0	502216	0	30162	1,1,1,1|1,1,1|1,1,1|1,1,1	30162	第十六层	指挥等级1级解锁	155	157	1	0	1002912	idle_loop	 	340441002	2	340442002	1000811	1	0	0	0	 	均衡@均衡产出辅助、攻击、防御源核|辅助计划@能量引擎 电池背包 怪杰奇侠 声势应援 元气英雄|攻击计划@奥传快刀 刚柔并济 机械武装 心眼突袭 热血青春|防御计划@战术装甲 刚体之魂 防弹背心 念力屏障 爱之守护	216,10	0	1	0	 	0	70	0	7,9,16,18,19	 	0	11	3	英雄试炼-辅助第16层	 	6	2	0	0	0	340442203
157	203	17	12	0	502217	0	30172	1,1,1,1|1,1,1|1,1,1|1,1,1	30172	第十七层	指挥等级1级解锁	156	158	1	0	1002811	idle_loop	 	340441002	2	340442002	1000811	1	0	0	0	 	均衡@均衡产出辅助、攻击、防御源核|辅助计划@能量引擎 电池背包 怪杰奇侠 声势应援 元气英雄|攻击计划@奥传快刀 刚柔并济 机械武装 心眼突袭 热血青春|防御计划@战术装甲 刚体之魂 防弹背心 念力屏障 爱之守护	217,10	0	1	0	 	0	73	0	7,9,16,18,19	 	0	11	3	英雄试炼-辅助第17层	 	6	2	0	0	0	340442203
158	203	18	12	0	502218	0	30182	1,1,1,1|1,1,1|1,1,1|1,1,1	30182	第十八层	指挥等级1级解锁	157	159	1	0	1002811	idle_loop	 	340441002	2	340442002	1000811	1	0	0	0	 	均衡@均衡产出辅助、攻击、防御源核|辅助计划@能量引擎 电池背包 怪杰奇侠 声势应援 元气英雄|攻击计划@奥传快刀 刚柔并济 机械武装 心眼突袭 热血青春|防御计划@战术装甲 刚体之魂 防弹背心 念力屏障 爱之守护	218,10	0	1	0	 	0	75	0	7,9,16,18,19	 	0	11	3	英雄试炼-辅助第18层	 	6	2	0	0	0	340442203
159	203	19	12	0	502219	0	30192	1,1,1,1|1,1,1|1,1,1|1,1,1	30192	第十九层	指挥等级1级解锁	158	160	1	0	1002912	idle_loop	 	340441002	2	340442002	1000811	1	0	0	0	 	均衡@均衡产出辅助、攻击、防御源核|辅助计划@能量引擎 电池背包 怪杰奇侠 声势应援 元气英雄|攻击计划@奥传快刀 刚柔并济 机械武装 心眼突袭 热血青春|防御计划@战术装甲 刚体之魂 防弹背心 念力屏障 爱之守护	219,10	0	1	0	 	0	76	0	7,9,16,18,19	 	0	11	3	英雄试炼-辅助第19层	 	6	2	0	0	0	340442203
160	203	20	12	0	502220	0	30202	1,1,1,1|1,1,1|1,1,1|1,1,1	30202	第二十层	指挥等级1级解锁	159	0	1	0	1002912	idle_loop	 	340441002	2	340442002	1000811	1	0	0	0	 	均衡@均衡产出辅助、攻击、防御源核|辅助计划@能量引擎 电池背包 怪杰奇侠 声势应援 元气英雄|攻击计划@奥传快刀 刚柔并济 机械武装 心眼突袭 热血青春|防御计划@战术装甲 刚体之魂 防弹背心 念力屏障 爱之守护	220,10	0	1	0	 	0	78	0	7,9,16,18,19	 	0	11	3	英雄试炼-辅助第20层	 	6	2	0	0	0	340442203
161	204	1	12	0	502301	0	35011	1,1,1,1|1,1,1|1,1,1|1,1,1	35011	第一层	指挥等级40级解锁	0	162	40	313003700	1002811	idle_loop	 	340441003	3	340442009	1003711	1	0	0	0	 	均衡@均衡产出辅助、攻击、防御源核|辅助计划@能量引擎 电池背包 怪杰奇侠 声势应援 元气英雄|攻击计划@奥传快刀 刚柔并济 机械武装 心眼突袭 热血青春|防御计划@战术装甲 刚体之魂 防弹背心 念力屏障 爱之守护	201,0	0	1	0	 	0	60	0	7,9,16,18,19	 	0	15	3	英雄试炼-剑第1层	 	6	2	0	0	0	340442206
162	204	2	12	0	502302	0	35021	1,1,1,1|1,1,1|1,1,1|1,1,1	35021	第二层	指挥等级1级解锁	161	163	1	313003700	1002811	idle_loop	 	340441003	3	340442009	1003711	1	0	0	0	 	均衡@均衡产出辅助、攻击、防御源核|辅助计划@能量引擎 电池背包 怪杰奇侠 声势应援 元气英雄|攻击计划@奥传快刀 刚柔并济 机械武装 心眼突袭 热血青春|防御计划@战术装甲 刚体之魂 防弹背心 念力屏障 爱之守护	202,0	0	1	0	 	0	70	0	7,9,16,18,19	 	0	15	3	英雄试炼-剑第2层	 	6	2	0	0	0	340442206
163	204	3	12	0	502303	0	35031	1,1,1,1|1,1,1|1,1,1|1,1,1	35031	第三层	指挥等级1级解锁	162	164	1	313003300	1002912	idle_loop	 	340441003	3	340442009	1003311	1	0	0	0	 	均衡@均衡产出辅助、攻击、防御源核|辅助计划@能量引擎 电池背包 怪杰奇侠 声势应援 元气英雄|攻击计划@奥传快刀 刚柔并济 机械武装 心眼突袭 热血青春|防御计划@战术装甲 刚体之魂 防弹背心 念力屏障 爱之守护	203,10	0	1	0	 	0	80	0	7,9,16,18,19	 	0	15	3	英雄试炼-剑第3层	 	6	2	2	3	0	340442206
164	204	4	12	0	502304	0	35041	1,1,1,1|1,1,1|1,1,1|1,1,1	35041	第四层	指挥等级1级解锁	163	165	1	313003300	1002912	idle_loop	 	340441003	3	340442009	1003311	1	0	0	0	 	均衡@均衡产出辅助、攻击、防御源核|辅助计划@能量引擎 电池背包 怪杰奇侠 声势应援 元气英雄|攻击计划@奥传快刀 刚柔并济 机械武装 心眼突袭 热血青春|防御计划@战术装甲 刚体之魂 防弹背心 念力屏障 爱之守护	204,10	0	1	0	 	0	90	0	7,9,16,18,19	 	0	15	3	英雄试炼-剑第4层	 	6	2	0	0	0	340442206
165	204	5	12	0	502305	0	35051	1,1,1,1|1,1,1|1,1,1|1,1,1	35051	第五层	指挥等级1级解锁	164	0	1	313000400	1002811	idle_loop	 	340441003	3	340442009	1000411	1	0	0	0	 	均衡@均衡产出辅助、攻击、防御源核|辅助计划@能量引擎 电池背包 怪杰奇侠 声势应援 元气英雄|攻击计划@奥传快刀 刚柔并济 机械武装 心眼突袭 热血青春|防御计划@战术装甲 刚体之魂 防弹背心 念力屏障 爱之守护	205,10	0	1	0	 	0	100	0	7,9,16,18,19	 	0	15	3	英雄试炼-剑第5层	 	6	2	2	4	0	340442206
181	205	1	12	0	502401	0	35012	1,1,1,1|1,1,1|1,1,1|1,1,1	35012	第一层	指挥等级40级解锁	0	182	40	313003700	1002811	idle_loop	 	340441042	42	340442009	1003711	1	0	0	0	 	均衡@均衡产出辅助、攻击、防御源核|辅助计划@能量引擎 电池背包 怪杰奇侠 声势应援 元气英雄|攻击计划@奥传快刀 刚柔并济 机械武装 心眼突袭 热血青春|防御计划@战术装甲 刚体之魂 防弹背心 念力屏障 爱之守护	201,0	0	1	0	 	0	60	0	7,9,16,18,19	 	0	16	3	英雄试炼-盾第1层	 	6	2	0	0	0	340442205
182	205	2	12	0	502402	0	35022	1,1,1,1|1,1,1|1,1,1|1,1,1	35022	第二层	指挥等级1级解锁	181	183	1	313003700	1002811	idle_loop	 	340441042	42	340442009	1003711	1	0	0	0	 	均衡@均衡产出辅助、攻击、防御源核|辅助计划@能量引擎 电池背包 怪杰奇侠 声势应援 元气英雄|攻击计划@奥传快刀 刚柔并济 机械武装 心眼突袭 热血青春|防御计划@战术装甲 刚体之魂 防弹背心 念力屏障 爱之守护	202,0	0	1	0	 	0	70	0	7,9,16,18,19	 	0	16	3	英雄试炼-盾第2层	 	6	2	0	0	0	340442205
183	205	3	12	0	502403	0	35032	1,1,1,1|1,1,1|1,1,1|1,1,1	35032	第三层	指挥等级1级解锁	182	184	1	313003300	1002912	idle_loop	 	340441042	42	340442009	1003311	1	0	0	0	 	均衡@均衡产出辅助、攻击、防御源核|辅助计划@能量引擎 电池背包 怪杰奇侠 声势应援 元气英雄|攻击计划@奥传快刀 刚柔并济 机械武装 心眼突袭 热血青春|防御计划@战术装甲 刚体之魂 防弹背心 念力屏障 爱之守护	203,10	0	1	0	 	0	80	0	7,9,16,18,19	 	0	16	3	英雄试炼-盾第3层	 	6	2	2	3	0	340442205
184	205	4	12	0	502404	0	35042	1,1,1,1|1,1,1|1,1,1|1,1,1	35042	第四层	指挥等级1级解锁	183	185	1	313003300	1002912	idle_loop	 	340441042	42	340442009	1003311	1	0	0	0	 	均衡@均衡产出辅助、攻击、防御源核|辅助计划@能量引擎 电池背包 怪杰奇侠 声势应援 元气英雄|攻击计划@奥传快刀 刚柔并济 机械武装 心眼突袭 热血青春|防御计划@战术装甲 刚体之魂 防弹背心 念力屏障 爱之守护	204,10	0	1	0	 	0	90	0	7,9,16,18,19	 	0	16	3	英雄试炼-盾第4层	 	6	2	0	0	0	340442205
185	205	5	12	0	502405	0	35052	1,1,1,1|1,1,1|1,1,1|1,1,1	35052	第五层	指挥等级1级解锁	184	0	1	313000400	1002811	idle_loop	 	340441042	42	340442009	1000411	1	0	0	0	 	均衡@均衡产出辅助、攻击、防御源核|辅助计划@能量引擎 电池背包 怪杰奇侠 声势应援 元气英雄|攻击计划@奥传快刀 刚柔并济 机械武装 心眼突袭 热血青春|防御计划@战术装甲 刚体之魂 防弹背心 念力屏障 爱之守护	205,10	0	1	0	 	0	100	0	7,9,16,18,19	 	0	16	3	英雄试炼-盾第5层	 	6	2	2	4	0	340442205
201	301	1	12	0	503001	0	10011,10014	0,0|0,0	10011,10014	第一层	指挥等级10级解锁	0	202	10	0	1002811	quanxi_woquan_loop	用模拟战来热热身吧！	340440001	出身:不明	光头暴力集团“桃源团”的首领。主张不用工作也能生活，靠着从"组织"偷来的特殊战斗服到处做恶。	210041	1	0	0	0	 	经验@角色经验|存储权限@存储权限	1,0	800005000	0	-850,-250	animation	10000	1	2	2,3,5,10,14	我方群体伤害翻倍	0	4	12	模拟训练第1层	通关可获得角色经验	6	2	0	0	10000	0
202	301	2	12	0	503002	0	10021,10024	0,0|0,0	10021,10024	第二层	指挥等级1级解锁	201	203	1	0	1002811	quanxi_woquan_loop	用模拟战来热热身吧！	340440001	出身:不明	光头暴力集团“桃源团”的首领。主张不用工作也能生活，靠着从"组织"偷来的特殊战斗服到处做恶。	210041	1	0	0	0	 	经验@角色经验|存储权限@存储权限	2,0	800005000	0	-850,-250	animation	11000	13	2	2,3,5,10,14	我方群体伤害翻倍	0	4	12	模拟训练第2层	通关提升经验获取效率<color=#00D900>15%</color>	6	2	0	0	11000	0
203	301	3	12	0	503003	0	10031,10034	0,0|0,0	10031,10034	第三层	指挥等级1级解锁	202	204	1	0	1002811	quanxi_woquan_loop	用模拟战来热热身吧！	340440002	出身:地底	地底族的王。所率领的地底人自称是真正的地球人。打算侵略地面，消灭人类。	210221	1	0	0	0	 	经验@角色经验|存储权限@存储权限	3,0	800005000	0	-850,-250	animation	12000	21	2	2,3,5,10,14	我方群体伤害翻倍	0	4	12	模拟训练第3层	通关提升经验获取效率<color=#00D900>16%</color>	6	2	0	0	12000	0
204	301	4	12	0	503004	0	10041,10044	0,0|0,0	10041,10044	第四层	指挥等级1级解锁	203	205	1	0	1002811	quanxi_woquan_loop	用模拟战来热热身吧！	340440002	出身:地底	地底族的王。所率领的地底人自称是真正的地球人。打算侵略地面，消灭人类。	210221	1	0	0	0	 	经验@角色经验|存储权限@存储权限	4,0	800005000	0	-850,-250	animation	13000	30	2	2,3,5,10,14	我方群体伤害翻倍	0	4	12	模拟训练第4层	通关提升经验获取效率<color=#00D900>14%</color>	6	2	0	0	13000	0
205	301	5	12	0	503005	0	10051,10054	0,0|0,0	10051,10054	第五层	指挥等级1级解锁	204	206	1	0	1002811	quanxi_woquan_loop	用模拟战来热热身吧！	340440003	出身:不明	全身漆黑头顶长满海带的人型怪人。海带异常坚硬且可以任意伸长。因为无人街强大怪人传言慕名而来。	210121	0.7	0	0	0	 	经验@角色经验|存储权限@存储权限	5,10	800005000	0	-850,-250	animation	14000	33	2	2,3,5,10,14	我方群体伤害翻倍	0	4	12	模拟训练第5层	通关提升经验获取效率<color=#00D900>16%</color>	6	2	0	0	14000	0
206	301	6	12	0	503006	0	10061,10064	0,0|0,0	10061,10064	第六层	指挥等级1级解锁	205	207	1	0	1002811	quanxi_woquan_loop	用模拟战来热热身吧！	340440003	出身:不明	全身漆黑头顶长满海带的人型怪人。海带异常坚硬且可以任意伸长。因为无人街强大怪人传言慕名而来。	210121	0.7	0	0	0	 	经验@角色经验|存储权限@存储权限	6,10	800005000	0	-850,-250	animation	15000	36	2	2,3,5,10,14	我方群体伤害翻倍	0	4	12	模拟训练第6层	通关提升经验获取效率<color=#00D900>19%</color>	6	2	0	0	15000	0
207	301	7	12	0	503007	0	10071,10074	0,0|0,0	10071,10074	第七层	指挥等级1级解锁	206	208	1	0	1002811	quanxi_woquan_loop	用模拟战来热热身吧！	340440004	出身:天空	自称天空之王，正要侵略地表时被未知的敌人所消灭了。	200391	1	0	0	0	 	经验@角色经验|存储权限@存储权限	7,10	800005000	0	-850,-250	animation	16250	41	2	2,3,5,10,14	我方群体伤害翻倍	0	4	12	模拟训练第7层	通关提升经验获取效率<color=#00D900>11%</color>	6	2	0	0	16250	0
208	301	8	12	0	503008	0	10081,10084	0,0|0,0	10081,10084	第八层	指挥等级1级解锁	207	209	1	0	1002811	quanxi_woquan_loop	用模拟战来热热身吧！	340440004	出身:天空	自称天空之王，正要侵略地表时被未知的敌人所消灭了。	200391	1	0	0	0	 	经验@角色经验|存储权限@存储权限	8,10	800005000	0	-850,-250	animation	17500	45	2	2,3,5,10,14	我方群体伤害翻倍	0	4	12	模拟训练第8层	通关提升经验获取效率<color=#00D900>12%</color>	6	2	0	0	17500	0
209	301	9	12	0	503009	0	10091,10094	0,0|0,0	10091,10094	第九层	指挥等级1级解锁	208	210	1	0	1002811	quanxi_gedou_loop	碰上陌生的对手也不要忘了保持冷静。	340440005	出身:忍者村	来自忍者村，自称“最强的忍者”。喜欢谍报和与强者对决。速度极快，使用忍者刀与大量的暗器。沉浸于自己的招式之中，有时会露出诡异的笑容。	210141	1	0	0	0	 	经验@角色经验|存储权限@存储权限	9,10	800005000	0	-850,-250	animation	18750	50	2	2,3,5,10,14	我方群体伤害翻倍	0	4	12	模拟训练第9层	通关提升经验获取效率<color=#00D900>10%</color>	6	2	0	0	18750	0
210	301	10	12	0	503010	0	10101,10104	0,0|0,0	10101,10104	第十层	指挥等级1级解锁	209	211	1	0	1002811	quanxi_gedou_loop	碰上陌生的对手也不要忘了保持冷静。	340440005	出身:忍者村	来自忍者村，自称“最强的忍者”。喜欢谍报和与强者对决。速度极快，使用忍者刀与大量的暗器。沉浸于自己的招式之中，有时会露出诡异的笑容。	210141	1	0	0	0	 	经验@角色经验|存储权限@存储权限	10,10	800005000	0	-850,-250	animation	20000	55	2	2,3,5,10,14	我方群体伤害翻倍	0	4	12	模拟训练第10层	通关提升经验获取效率<color=#00D900>10%</color>	6	2	0	0	20000	0
211	301	11	12	0	503011	0	10111,10114	0,0|0,0	10111,10114	第十一层	指挥等级1级解锁	210	212	1	0	1002811	quanxi_gedou_loop	碰上陌生的对手也不要忘了保持冷静。	340440006	出身:深海	为了征服地面，从深海而来的深海族之王。	210141	1	0	0	0	 	经验@角色经验|存储权限@存储权限	11,10	800005000	0	-850,-250	animation	21250	56	2	2,3,5,10,14	我方群体伤害翻倍	0	4	12	模拟训练第11层	通关提升经验获取效率<color=#00D900>12%</color>	6	2	0	0	21250	0
212	301	12	12	0	503012	0	10121,10124	0,0|0,0	10121,10124	第十二层	指挥等级1级解锁	211	213	1	0	1002811	quanxi_gedou_loop	碰上陌生的对手也不要忘了保持冷静。	340440006	出身:深海	为了征服地面，从深海而来的深海族之王。	210141	1	0	0	0	 	经验@角色经验|存储权限@存储权限	12,10	800005000	0	-850,-250	animation	22750	58	2	2,3,5,10,14	我方群体伤害翻倍	0	4	12	模拟训练第12层	通关提升经验获取效率<color=#00D900>8%</color>	6	2	0	0	22750	0
213	301	13	12	0	503013	0	10131,10134	0,0|0,0	10131,10134	第十三层	指挥等级1级解锁	212	214	1	0	1002811	quanxi_gedou_loop	碰上陌生的对手也不要忘了保持冷静。	340440009	出身:宇宙	暗物质海贼团三名最上级战斗员之一。拥有五颗头，喜欢自己和自己对话。被击碎后可以聚集再生，五颗头也可以分裂为单体。	210141	1	0	0	0	 	经验@角色经验|存储权限@存储权限	13,10	800005000	0	-850,-250	animation	24250	60	2	2,3,5,10,14	我方群体伤害翻倍	0	4	12	模拟训练第13层	通关提升经验获取效率<color=#00D900>8%</color>	6	2	0	0	24250	0
214	301	14	12	0	503014	0	10141,10144	0,0|0,0	10141,10144	第十四层	指挥等级1级解锁	213	215	1	0	1002811	quanxi_gedou_loop	碰上陌生的对手也不要忘了保持冷静。	340440009	出身:宇宙	暗物质海贼团三名最上级战斗员之一。拥有五颗头，喜欢自己和自己对话。被击碎后可以聚集再生，五颗头也可以分裂为单体。	210141	1	0	0	0	 	经验@角色经验|存储权限@存储权限	14,10	800005000	0	-850,-250	animation	25750	63	2	2,3,5,10,14	我方群体伤害翻倍	0	4	12	模拟训练第14层	通关提升经验获取效率<color=#00D900>8%</color>	6	2	0	0	25750	0
215	301	15	12	0	503015	0	10151,10154	0,0|0,0	10151,10154	第十五层	指挥等级1级解锁	214	216	1	0	1002811	quanxi_chayao_loop	平时挑战超常的目标，关键时刻才会不掉链子。	340440007	出身:宇宙	暗物质海贼团三名最上级战斗员之一。全身长满刺，头和双手都是巨大的嘴巴。自称拥有二十种技能。	210141	1	0	0	0	 	经验@角色经验|存储权限@存储权限	15,10	800005000	0	-850,-250	animation	27250	65	2	2,3,5,10,14	我方群体伤害翻倍	0	4	12	模拟训练第15层	通关提升经验获取效率<color=#00D900>7%</color>	6	2	0	0	27250	0
216	301	16	12	0	503016	0	10161,10164	0,0|0,0	10161,10164	第十六层	指挥等级1级解锁	215	217	1	0	1002811	quanxi_chayao_loop	平时挑战超常的目标，关键时刻才会不掉链子。	340440007	出身:宇宙	暗物质海贼团三名最上级战斗员之一。全身长满刺，头和双手都是巨大的嘴巴。自称拥有二十种技能。	210141	1	0	0	0	 	经验@角色经验|存储权限@存储权限	16,10	800005000	0	-850,-250	animation	28750	66	2	2,3,5,10,14	我方群体伤害翻倍	0	4	12	模拟训练第16层	通关提升经验获取效率<color=#00D900>9%</color>	6	2	0	0	28750	0
217	301	17	12	0	503017	0	10171,10174	0,0|0,0	10171,10174	第十七层	指挥等级1级解锁	216	218	1	0	1002811	quanxi_chayao_loop	平时挑战超常的目标，关键时刻才会不掉链子。	340440008	出身:宇宙	暗物质海贼团三名最上级战斗员之一。身体像章鱼一样。自称宇宙第一的念动力超能力者。	210141	1	0	0	0	 	经验@角色经验|存储权限@存储权限	17,10	800005000	0	-850,-250	animation	30750	68	2	2,3,5,10,14	我方群体伤害翻倍	0	4	12	模拟训练第17层	通关提升经验获取效率<color=#00D900>6%</color>	6	2	0	0	30750	0
218	301	18	12	0	503018	0	10181,10184	0,0|0,0	10181,10184	第十八层	指挥等级1级解锁	217	219	1	0	1002811	quanxi_chayao_loop	平时挑战超常的目标，关键时刻才会不掉链子。	340440008	出身:宇宙	暗物质海贼团三名最上级战斗员之一。身体像章鱼一样。自称宇宙第一的念动力超能力者。	210141	1	0	0	0	 	经验@角色经验|存储权限@存储权限	18,10	800005000	0	-850,-250	animation	32750	70	2	2,3,5,10,14	我方群体伤害翻倍	0	4	12	模拟训练第18层	通关提升经验获取效率<color=#00D900>6%</color>	6	2	0	0	32750	0
219	301	19	12	0	503019	0	10191,10194	0,0|0,0	10191,10194	第十九层	指挥等级1级解锁	218	220	1	0	1002811	quanxi_chayao_loop	平时挑战超常的目标，关键时刻才会不掉链子。	340440010	出身:宇宙	暗黑盗贼团的头目，全宇宙的霸者。在听到占卜师预言自己将在遥远的地球上找到值得一战的对手后，为寻求刺激与部下花了20年到达地球。平时穿着抑制力量的盔甲，因其自身为该种族有史以来最强大的人，再生能力也强大的只要数秒就能恢复伤口。	210141	1	0	0	0	 	经验@角色经验|存储权限@存储权限	19,10	800005000	0	-850,-250	animation	34750	73	2	2,3,5,10,14	我方群体伤害翻倍	0	4	12	模拟训练第19层	通关提升经验获取效率<color=#00D900>6%</color>	6	2	0	0	34750	0
220	301	20	12	0	503020	0	10201,10204	0,0|0,0	10201,10204	第二十层	指挥等级1级解锁	219	0	1	0	1002811	quanxi_chayao_loop	平时挑战超常的目标，关键时刻才会不掉链子。	340440010	出身:宇宙	暗黑盗贼团的头目，全宇宙的霸者。在听到占卜师预言自己将在遥远的地球上找到值得一战的对手后，为寻求刺激与部下花了20年到达地球。平时穿着抑制力量的盔甲，因其自身为该种族有史以来最强大的人，再生能力也强大的只要数秒就能恢复伤口。	210141	1	0	0	0	 	经验@角色经验|存储权限@存储权限	20,10	800005000	0	-850,-250	animation	36750	75	2	2,3,5,10,14	我方群体伤害翻倍	0	4	12	模拟训练第20层	通关提升经验获取效率<color=#00D900>5%</color>	6	2	0	0	36750	0
