id	type	outPutId	
1	2	1
2	2	2
3	2	9999
4	2	3
5	2	4
6	2	5
7	2	6
8	2	7
9	2	8
10	2	9
11	4	101
12	4	102
13	4	103
14	4	104
15	4	105
16	4	106
17	4	107
18	4	108
19	4	109
20	4	110
21	4	111
22	4	112
23	4	113
24	4	114
25	4	115
26	4	116
27	4	117
28	4	118
29	4	119
30	4	120
31	4	121
32	4	122
33	4	123
34	4	124
35	4	125
36	4	126
37	4	127
38	4	128
39	4	129
40	4	130
41	4	131
42	4	132
43	4	133
44	4	134
45	4	135
46	4	136
47	4	137
48	4	138
49	4	139
50	4	140
51	4	141
52	4	142
53	4	143
54	4	144
55	4	145
56	4	146
57	4	147
58	4	148
59	4	149
60	4	150
61	4	151
62	4	152
63	4	153
64	4	154
65	4	155
66	4	156
67	4	157
68	4	158
69	4	159
70	4	160
71	4	161
72	4	162
73	4	163
74	4	164
75	4	165
76	4	166
77	4	167
78	4	168
79	4	169
80	4	170
81	4	171
82	4	172
83	4	173
84	4	174
85	4	175
86	4	176
87	4	177
88	4	178
89	4	179
90	4	180
91	4	181
92	4	182
93	4	183
94	4	184
95	4	185
96	4	186
97	4	187
98	4	188
99	4	189
100	4	190
101	4	191
102	4	192
103	4	193
104	4	194
105	4	195
106	4	196
107	4	197
108	4	198
109	4	199
110	4	200
111	4	201
112	4	202
113	4	203
114	4	204
115	4	205
116	4	206
117	4	207
118	4	208
119	4	209
120	4	210
121	4	211
122	4	212
123	4	213
124	4	214
125	4	215
126	4	216
127	4	217
128	4	218
129	4	219
130	4	220
131	4	221
132	4	222
133	4	223
134	4	224
135	4	225
136	4	226
137	4	227
138	4	228
139	4	229
140	4	230
141	4	231
142	4	232
143	4	233
144	4	234
145	4	235
146	4	236
147	4	237
148	4	238
149	4	239
150	4	240
151	4	241
152	4	242
153	4	243
154	4	244
155	4	245
156	4	246
157	4	247
158	4	248
159	4	249
160	4	250
161	4	251
162	4	252
163	4	253
164	4	254
165	4	255
166	4	256
167	4	257
168	4	258
169	4	259
170	4	260
171	4	261
172	4	262
173	4	263
174	4	264
175	4	265
176	4	266
177	4	267
178	4	268
179	4	269
180	4	270
181	4	271
182	4	272
183	4	273
184	4	274
185	4	275
186	4	276
187	4	277
188	4	278
189	4	279
190	4	280
191	4	281
192	4	282
193	4	283
194	4	284
195	4	285
196	4	286
197	4	287
198	4	288
199	4	289
200	4	290
201	4	291
202	4	292
203	4	293
204	4	294
205	4	295
206	5	200010
207	5	200020
208	5	201010
209	5	201020
210	5	201030
211	5	201040
212	5	202010
213	5	202020
214	5	202030
215	5	202040
216	5	203010
217	5	203020
218	5	203030
219	5	203040
220	5	203050
221	5	204010
222	5	204020
223	5	204030
224	5	204040
225	5	204050
226	5	204060
227	5	205010
228	5	205020
229	5	205030
230	5	205040
231	5	205050
232	5	205060
233	5	206010
234	5	206020
235	5	206030
236	5	206040
237	5	206050
238	5	206060
239	5	207010
240	5	207020
241	5	207030
242	5	207040
243	5	207050
244	5	207060
245	5	208010
246	5	208020
247	5	208030
248	5	208040
249	5	208050
250	5	208060
251	5	209010
252	5	209020
253	5	209030
254	5	209040
255	5	209050
256	5	209060
257	5	210010
258	5	210020
259	5	210030
260	5	210040
261	5	210050
262	5	210060
263	5	211010
264	5	211020
265	5	211030
266	5	211040
267	5	211050
268	5	211060
269	5	212010
270	5	212020
271	5	212030
272	5	212040
273	5	212050
274	5	212060
275	5	213010
276	5	213020
277	5	213030
278	5	213040
279	5	213050
280	5	213060
281	5	214010
282	5	214020
283	5	214030
284	5	214040
285	5	214050
286	5	214060
287	5	215010
288	5	215020
289	5	215030
290	5	215040
291	5	215050
292	5	215060
293	5	216010
294	5	216020
295	5	216030
296	5	216040
297	5	216050
298	5	216060
299	5	217010
300	5	217020
301	5	217030
302	5	217040
303	5	217050
304	5	217060
305	5	218010
306	5	218020
307	5	218030
308	5	218040
309	5	218050
310	5	218060
311	5	219010
312	5	219020
313	5	219030
314	5	219040
315	5	219050
316	5	219060
317	5	220010
318	5	220020
319	5	220030
320	5	220040
321	5	220050
322	5	220060
323	5	221010
324	5	221020
325	5	221030
326	5	221040
327	5	221050
328	5	221060
329	5	222010
330	5	222020
331	5	222030
332	5	222040
333	5	222050
334	5	222060
335	5	223010
336	5	223020
337	5	223030
338	5	223040
339	5	223050
340	5	223060
341	5	224010
342	5	224020
343	5	224030
344	5	224040
345	5	224050
346	5	224060
347	5	225010
348	5	225020
349	5	225030
350	5	225040
351	5	225050
352	5	225060
353	5	226010
354	5	226020
355	5	226030
356	5	226040
357	5	226050
358	5	226060
359	5	227010
360	5	227020
361	5	227030
362	5	227040
363	5	227050
364	5	227060
365	5	228010
366	5	228020
367	5	228030
368	5	228040
369	5	228050
370	5	228060
371	5	229010
372	5	229020
373	5	229030
374	5	229040
375	5	229050
376	5	229060
377	5	230010
378	5	230020
379	5	230030
380	5	230040
381	5	230050
382	5	230060
383	7	501001
384	7	501002
385	7	501003
386	7	501004
387	7	501005
388	7	501006
389	7	501007
390	7	501008
391	7	501009
392	7	501010
393	8	502001
394	8	502002
395	8	502003
396	8	502004
397	8	502005
398	8	502006
399	8	502007
400	8	502008
401	8	502009
402	8	502010
403	8	502011
404	8	502012
405	8	502013
406	8	502014
407	8	502015
408	8	502016
409	8	502017
410	8	502018
411	8	502019
412	8	502020
413	6	503001
414	6	503002
415	6	503003
416	6	503004
417	6	503005
418	6	503006
419	6	503007
420	6	503008
421	6	503009
422	6	503010
423	6	503011
424	6	503012
425	6	503013
426	6	503014
427	6	503015
428	6	503016
429	6	503017
430	6	503018
431	6	503019
432	6	503020
433	10	200010
434	10	200020
435	10	201010
436	10	201020
437	10	201030
438	10	201040
439	10	202010
440	10	202020
441	10	202030
442	10	202040
443	10	203010
444	10	203020
445	10	203030
446	10	203040
447	10	203050
448	10	204010
449	10	204020
450	10	204030
451	10	204040
452	10	204050
453	10	204060
454	10	205010
455	10	205020
456	10	205030
457	10	205040
458	10	205050
459	10	205060
460	10	206010
461	10	206020
462	10	206030
463	10	206040
464	10	206050
465	10	206060
466	10	207010
467	10	207020
468	10	207030
469	10	207040
470	10	207050
471	10	207060
472	10	208010
473	10	208020
474	10	208030
475	10	208040
476	10	208050
477	10	208060
478	10	209010
479	10	209020
480	10	209030
481	10	209040
482	10	209050
483	10	209060
484	10	210010
485	10	210020
486	10	210030
487	10	210040
488	10	210050
489	10	210060
490	10	211010
491	10	211020
492	10	211030
493	10	211040
494	10	211050
495	10	211060
496	10	212010
497	10	212020
498	10	212030
499	10	212040
500	10	212050
501	10	212060
502	10	213010
503	10	213020
504	10	213030
505	10	213040
506	10	213050
507	10	213060
508	10	214010
509	10	214020
510	10	214030
511	10	214040
512	10	214050
513	10	214060
514	10	215010
515	10	215020
516	10	215030
517	10	215040
518	10	215050
519	10	215060
520	10	216010
521	10	216020
522	10	216030
523	10	216040
524	10	216050
525	10	216060
526	10	217010
527	10	217020
528	10	217030
529	10	217040
530	10	217050
531	10	217060
532	10	218010
533	10	218020
534	10	218030
535	10	218040
536	10	218050
537	10	218060
538	10	219010
539	10	219020
540	10	219030
541	10	219040
542	10	219050
543	10	219060
544	10	220010
545	10	220020
546	10	220030
547	10	220040
548	10	220050
549	10	220060
550	10	221010
551	10	221020
552	10	221030
553	10	221040
554	10	221050
555	10	221060
556	10	222010
557	10	222020
558	10	222030
559	10	222040
560	10	222050
561	10	222060
562	10	223010
563	10	223020
564	10	223030
565	10	223040
566	10	223050
567	10	223060
568	10	224010
569	10	224020
570	10	224030
571	10	224040
572	10	224050
573	10	224060
574	10	225010
575	10	225020
576	10	225030
577	10	225040
578	10	225050
579	10	225060
580	10	226010
581	10	226020
582	10	226030
583	10	226040
584	10	226050
585	10	226060
586	10	227010
587	10	227020
588	10	227030
589	10	227040
590	10	227050
591	10	227060
592	10	228010
593	10	228020
594	10	228030
595	10	228040
596	10	228050
597	10	228060
598	10	229010
599	10	229020
600	10	229030
601	10	229040
602	10	229050
603	10	229060
604	10	230010
605	10	230020
606	10	230030
607	10	230040
608	10	230050
609	10	230060
610	10	501001
611	10	501002
612	10	501003
613	10	501004
614	10	501005
615	10	501006
616	10	501007
617	10	501008
618	10	501009
619	10	501010
620	10	502001
621	10	502002
622	10	502003
623	10	502004
624	10	502005
625	10	502006
626	10	502007
627	10	502008
628	10	502009
629	10	502010
630	10	502011
631	10	502012
632	10	502013
633	10	502014
634	10	502015
635	10	502016
636	10	502017
637	10	502018
638	10	502019
639	10	502020
640	10	503001
641	10	503002
642	10	503003
643	10	503004
644	10	503005
645	10	503006
646	10	503007
647	10	503008
648	10	503009
649	10	503010
650	10	503011
651	10	503012
652	10	503013
653	10	503014
654	10	503015
655	10	503016
656	10	503017
657	10	503018
658	10	503019
659	10	503020
660	10	504101
661	10	504102
662	10	504103
663	10	504104
664	10	504105
665	10	504106
666	10	504107
667	10	504108
668	10	504109
669	10	504110
670	10	504111
671	10	504112
672	10	504113
673	10	504114
674	10	504115
675	10	504116
676	10	504117
677	10	504118
678	10	504119
679	10	504120
680	10	504201
681	10	504202
682	10	504203
683	10	504204
684	10	504205
685	10	504206
686	10	504207
687	10	504208
688	10	504209
689	10	504210
690	10	504301
691	10	504302
692	10	504303
693	10	504304
694	10	504305
695	10	504306
696	10	504307
697	10	504308
698	10	504309
699	10	504310
700	10	504311
701	10	504312
702	10	504313
703	10	504314
704	10	504315
705	10	504316
706	10	504317
707	10	504318
708	10	504319
709	10	504320
710	10	601001
711	10	601002
712	10	601003
713	10	602001
714	10	602002
715	10	602003
716	10	602004
717	10	603001
718	10	603002
719	10	603003
720	10	603004
721	10	604001
722	10	604002
723	10	604003
724	10	604004
725	10	915101
726	10	915102
727	10	915103
728	10	915104
729	10	915105
730	10	915106
731	10	915107
732	10	915108
733	10	915109
734	10	915110
735	10	915111
736	10	915112
737	10	915113
738	10	915114
739	10	915115
740	10	915116
741	10	915201
742	10	915202
743	10	915203
744	10	915204
745	10	915205
746	10	915206
747	10	915207
748	10	915208
749	10	915209
750	10	915210
751	10	915211
752	10	915212
753	10	915213
754	10	915214
755	10	915215
756	10	915216
757	10	915301
758	10	915302
759	10	915303
760	10	915304
761	10	915305
762	10	915306
763	10	915307
764	10	915308
765	10	915309
766	10	915310
767	10	915311
768	10	915312
769	10	915313
770	10	915314
771	10	915315
772	10	915316
773	10	300301
774	10	300302
775	10	300401
776	10	300402
777	10	300501
778	10	300502
779	10	300601
780	10	300602
781	10	300701
782	10	300702
783	10	300801
784	10	300802
785	10	300901
786	10	300902
787	10	301001
788	10	301002
789	10	405001
790	10	405002
791	10	405003
792	10	405004
793	10	405005
794	10	405006
795	10	400201
796	10	400202
797	10	400203
798	10	400204
799	10	400205
800	10	400206
801	10	400301
802	10	400302
803	10	400303
804	10	400304
805	10	400305
806	10	400306
807	10	400401
808	10	400402
809	10	400403
810	10	400404
811	10	400405
812	10	400406
813	10	400501
814	10	400502
815	10	400503
816	10	400504
817	10	400505
818	10	400506
819	10	400601
820	10	400602
821	10	400603
822	10	400604
823	10	400605
824	10	400606
825	10	400701
826	10	400702
827	10	400703
828	10	400704
829	10	400705
830	10	400706
831	10	400801
832	10	400802
833	10	400803
834	10	400804
835	10	400805
836	10	400806
837	10	400901
838	10	400902
839	10	400903
840	10	400904
841	10	400905
842	10	400906
843	10	401001
844	10	401002
845	10	401003
846	10	401004
847	10	401005
848	10	401006
849	10	402101
850	10	402102
851	10	402103
852	10	402104
853	10	402105
854	10	402106
855	10	403901
856	10	403902
857	10	403903
858	10	403904
859	10	403905
860	10	403906
861	12	1120001
862	12	1120002
863	12	1120003
864	12	1120004
865	12	1120005
866	12	1120006
867	12	1120018
868	12	1110010
869	12	1230001
870	13	1120001
871	13	1120002
872	13	1120003
873	13	1120004
874	13	1120005
875	13	1120006
876	13	1120018
877	13	1110010
878	13	1230001
879	14	1120001
880	14	1120002
881	14	1120003
882	14	1120004
883	14	1120005
884	14	1120006
885	14	1120018
886	14	1110010
887	14	1230001
888	15	1120001
889	15	1120002
890	15	1120003
891	15	1120004
892	15	1120005
893	15	1120006
894	15	1120018
895	15	1110010
896	15	1230001
897	16	110101
898	16	110201
899	16	110301
900	16	110401
901	16	110501
902	16	110601
903	16	110701
904	16	110801
905	16	110901
906	16	111001
907	16	111101
908	16	111201
909	16	111301
910	16	111401
911	16	111501
912	16	210101
913	16	210201
914	16	210301
915	16	210401
916	16	210501
917	16	220101
918	16	220201
919	16	220301
920	16	220401
921	16	220501
922	16	110102
923	16	110202
924	16	110302
925	16	110402
926	16	110502
927	16	110602
928	16	110702
929	16	110802
930	16	110902
931	16	111002
932	16	111102
933	16	111202
934	16	111302
935	16	111402
936	16	111502
937	16	210102
938	16	210202
939	16	210302
940	16	210402
941	16	210502
942	16	220102
943	16	220202
944	16	220302
945	16	220402
946	16	220502
947	16	110103
948	16	110203
949	16	110303
950	16	110403
951	16	110503
952	16	110603
953	16	110703
954	16	110803
955	16	110903
956	16	111003
957	16	111103
958	16	111203
959	16	111303
960	16	111403
961	16	111503
962	16	210103
963	16	210203
964	16	210303
965	16	210403
966	16	210503
967	16	220103
968	16	220203
969	16	220303
970	16	220403
971	16	220503
972	16	110104
973	16	110204
974	16	110304
975	16	110404
976	16	110504
977	16	110604
978	16	110704
979	16	110804
980	16	110904
981	16	111004
982	16	111104
983	16	111204
984	16	111304
985	16	111404
986	16	111504
987	16	210104
988	16	210204
989	16	210304
990	16	210404
991	16	210504
992	16	220104
993	16	220204
994	16	220304
995	16	220404
996	16	220504
997	16	110105
998	16	110205
999	16	110305
1000	16	110405
1001	16	110505
1002	16	110605
1003	16	110705
1004	16	110805
1005	16	110905
1006	16	111005
1007	16	111105
1008	16	111205
1009	16	111305
1010	16	111405
1011	16	111505
1012	16	210105
1013	16	210205
1014	16	210305
1015	16	210405
1016	16	210505
1017	16	220105
1018	16	220205
1019	16	220305
1020	16	220405
1021	16	220505
1022	16	110106
1023	16	110206
1024	16	110306
1025	16	110406
1026	16	110506
1027	16	110606
1028	16	110706
1029	16	110806
1030	16	110906
1031	16	111006
1032	16	111106
1033	16	111206
1034	16	111306
1035	16	111406
1036	16	111506
1037	16	210106
1038	16	210206
1039	16	210306
1040	16	210406
1041	16	210506
1042	16	220106
1043	16	220206
1044	16	220306
1045	16	220406
1046	16	220506
1047	16	110107
1048	16	110207
1049	16	110307
1050	16	110407
1051	16	110507
1052	16	110607
1053	16	110707
1054	16	110807
1055	16	110907
1056	16	111007
1057	16	111107
1058	16	111207
1059	16	111307
1060	16	111407
1061	16	111507
1062	16	210107
1063	16	210207
1064	16	210307
1065	16	210407
1066	16	210507
1067	16	220107
1068	16	220207
1069	16	220307
1070	16	220407
1071	16	220507
1072	16	110108
1073	16	110208
1074	16	110308
1075	16	110408
1076	16	110508
1077	16	110608
1078	16	110708
1079	16	110808
1080	16	110908
1081	16	111008
1082	16	111108
1083	16	111208
1084	16	111308
1085	16	111408
1086	16	111508
1087	16	210108
1088	16	210208
1089	16	210308
1090	16	210408
1091	16	210508
1092	16	220108
1093	16	220208
1094	16	220308
1095	16	220408
1096	16	220508
1097	16	110109
1098	16	110209
1099	16	110309
1100	16	110409
1101	16	110509
1102	16	110609
1103	16	110709
1104	16	110809
1105	16	110909
1106	16	111009
1107	16	111109
1108	16	111209
1109	16	111309
1110	16	111409
1111	16	111509
1112	16	210109
1113	16	210209
1114	16	210309
1115	16	210409
1116	16	210509
1117	16	220109
1118	16	220209
1119	16	220309
1120	16	220409
1121	16	220509
1122	16	110110
1123	16	110210
1124	16	110310
1125	16	110410
1126	16	110510
1127	16	110610
1128	16	110710
1129	16	110810
1130	16	110910
1131	16	111010
1132	16	111110
1133	16	111210
1134	16	111310
1135	16	111410
1136	16	111510
1137	16	210110
1138	16	210210
1139	16	210310
1140	16	210410
1141	16	210510
1142	16	220110
1143	16	220210
1144	16	220310
1145	16	220410
1146	16	220510
1147	17	200010
1148	17	200020
1149	17	201010
1150	17	201020
1151	17	201030
1152	17	201040
1153	17	202010
1154	17	202020
1155	17	202030
1156	17	202040
1157	17	203010
1158	17	203020
1159	17	203030
1160	17	203040
1161	17	203050
1162	17	204010
1163	17	204020
1164	17	204030
1165	17	204040
1166	17	204050
1167	17	204060
1168	17	205010
1169	17	205020
1170	17	205030
1171	17	205040
1172	17	205050
1173	17	205060
1174	17	206010
1175	17	206020
1176	17	206030
1177	17	206040
1178	17	206050
1179	17	206060
1180	17	207010
1181	17	207020
1182	17	207030
1183	17	207040
1184	17	207050
1185	17	207060
1186	17	208010
1187	17	208020
1188	17	208030
1189	17	208040
1190	17	208050
1191	17	208060
1192	17	209010
1193	17	209020
1194	17	209030
1195	17	209040
1196	17	209050
1197	17	209060
1198	17	210010
1199	17	210020
1200	17	210030
1201	17	210040
1202	17	210050
1203	17	210060
1204	17	211010
1205	17	211020
1206	17	211030
1207	17	211040
1208	17	211050
1209	17	211060
1210	17	212010
1211	17	212020
1212	17	212030
1213	17	212040
1214	17	212050
1215	17	212060
1216	17	213010
1217	17	213020
1218	17	213030
1219	17	213040
1220	17	213050
1221	17	213060
1222	17	214010
1223	17	214020
1224	17	214030
1225	17	214040
1226	17	214050
1227	17	214060
1228	17	215010
1229	17	215020
1230	17	215030
1231	17	215040
1232	17	215050
1233	17	215060
1234	17	216010
1235	17	216020
1236	17	216030
1237	17	216040
1238	17	216050
1239	17	216060
1240	17	217010
1241	17	217020
1242	17	217030
1243	17	217040
1244	17	217050
1245	17	217060
1246	17	218010
1247	17	218020
1248	17	218030
1249	17	218040
1250	17	218050
1251	17	218060
1252	17	219010
1253	17	219020
1254	17	219030
1255	17	219040
1256	17	219050
1257	17	219060
1258	17	220010
1259	17	220020
1260	17	220030
1261	17	220040
1262	17	220050
1263	17	220060
1264	17	221010
1265	17	221020
1266	17	221030
1267	17	221040
1268	17	221050
1269	17	221060
1270	17	222010
1271	17	222020
1272	17	222030
1273	17	222040
1274	17	222050
1275	17	222060
1276	17	223010
1277	17	223020
1278	17	223030
1279	17	223040
1280	17	223050
1281	17	223060
1282	17	224010
1283	17	224020
1284	17	224030
1285	17	224040
1286	17	224050
1287	17	224060
1288	17	225010
1289	17	225020
1290	17	225030
1291	17	225040
1292	17	225050
1293	17	225060
1294	17	226010
1295	17	226020
1296	17	226030
1297	17	226040
1298	17	226050
1299	17	226060
1300	17	227010
1301	17	227020
1302	17	227030
1303	17	227040
1304	17	227050
1305	17	227060
1306	17	228010
1307	17	228020
1308	17	228030
1309	17	228040
1310	17	228050
1311	17	228060
1312	17	229010
1313	17	229020
1314	17	229030
1315	17	229040
1316	17	229050
1317	17	229060
1318	17	230010
1319	17	230020
1320	17	230030
1321	17	230040
1322	17	230050
1323	17	230060
1324	17	501001
1325	17	501002
1326	17	501003
1327	17	501004
1328	17	501005
1329	17	501006
1330	17	501007
1331	17	501008
1332	17	501009
1333	17	501010
1334	17	502001
1335	17	502002
1336	17	502003
1337	17	502004
1338	17	502005
1339	17	502006
1340	17	502007
1341	17	502008
1342	17	502009
1343	17	502010
1344	17	502011
1345	17	502012
1346	17	502013
1347	17	502014
1348	17	502015
1349	17	502016
1350	17	502017
1351	17	502018
1352	17	502019
1353	17	502020
1354	17	503001
1355	17	503002
1356	17	503003
1357	17	503004
1358	17	503005
1359	17	503006
1360	17	503007
1361	17	503008
1362	17	503009
1363	17	503010
1364	17	503011
1365	17	503012
1366	17	503013
1367	17	503014
1368	17	503015
1369	17	503016
1370	17	503017
1371	17	503018
1372	17	503019
1373	17	503020
1374	17	200010
1375	17	200020
1376	17	201010
1377	17	201020
1378	17	201030
1379	17	201040
1380	17	202010
1381	17	202020
1382	17	202030
1383	17	202040
1384	17	203010
1385	17	203020
1386	17	203030
1387	17	203040
1388	17	203050
1389	17	204010
1390	17	204020
1391	17	204030
1392	17	204040
1393	17	204050
1394	17	204060
1395	17	205010
1396	17	205020
1397	17	205030
1398	17	205040
1399	17	205050
1400	17	205060
1401	17	206010
1402	17	206020
1403	17	206030
1404	17	206040
1405	17	206050
1406	17	206060
1407	17	207010
1408	17	207020
1409	17	207030
1410	17	207040
1411	17	207050
1412	17	207060
1413	17	208010
1414	17	208020
1415	17	208030
1416	17	208040
1417	17	208050
1418	17	208060
1419	17	209010
1420	17	209020
1421	17	209030
1422	17	209040
1423	17	209050
1424	17	209060
1425	17	210010
1426	17	210020
1427	17	210030
1428	17	210040
1429	17	210050
1430	17	210060
1431	17	211010
1432	17	211020
1433	17	211030
1434	17	211040
1435	17	211050
1436	17	211060
1437	17	212010
1438	17	212020
1439	17	212030
1440	17	212040
1441	17	212050
1442	17	212060
1443	17	213010
1444	17	213020
1445	17	213030
1446	17	213040
1447	17	213050
1448	17	213060
1449	17	214010
1450	17	214020
1451	17	214030
1452	17	214040
1453	17	214050
1454	17	214060
1455	17	215010
1456	17	215020
1457	17	215030
1458	17	215040
1459	17	215050
1460	17	215060
1461	17	216010
1462	17	216020
1463	17	216030
1464	17	216040
1465	17	216050
1466	17	216060
1467	17	217010
1468	17	217020
1469	17	217030
1470	17	217040
1471	17	217050
1472	17	217060
1473	17	218010
1474	17	218020
1475	17	218030
1476	17	218040
1477	17	218050
1478	17	218060
1479	17	219010
1480	17	219020
1481	17	219030
1482	17	219040
1483	17	219050
1484	17	219060
1485	17	220010
1486	17	220020
1487	17	220030
1488	17	220040
1489	17	220050
1490	17	220060
1491	17	221010
1492	17	221020
1493	17	221030
1494	17	221040
1495	17	221050
1496	17	221060
1497	17	222010
1498	17	222020
1499	17	222030
1500	17	222040
1501	17	222050
1502	17	222060
1503	17	223010
1504	17	223020
1505	17	223030
1506	17	223040
1507	17	223050
1508	17	223060
1509	17	224010
1510	17	224020
1511	17	224030
1512	17	224040
1513	17	224050
1514	17	224060
1515	17	225010
1516	17	225020
1517	17	225030
1518	17	225040
1519	17	225050
1520	17	225060
1521	17	226010
1522	17	226020
1523	17	226030
1524	17	226040
1525	17	226050
1526	17	226060
1527	17	227010
1528	17	227020
1529	17	227030
1530	17	227040
1531	17	227050
1532	17	227060
1533	17	228010
1534	17	228020
1535	17	228030
1536	17	228040
1537	17	228050
1538	17	228060
1539	17	229010
1540	17	229020
1541	17	229030
1542	17	229040
1543	17	229050
1544	17	229060
1545	17	230010
1546	17	230020
1547	17	230030
1548	17	230040
1549	17	230050
1550	17	230060
1551	17	501001
1552	17	501002
1553	17	501003
1554	17	501004
1555	17	501005
1556	17	501006
1557	17	501007
1558	17	501008
1559	17	501009
1560	17	501010
1561	17	502001
1562	17	502002
1563	17	502003
1564	17	502004
1565	17	502005
1566	17	502006
1567	17	502007
1568	17	502008
1569	17	502009
1570	17	502010
1571	17	502011
1572	17	502012
1573	17	502013
1574	17	502014
1575	17	502015
1576	17	502016
1577	17	502017
1578	17	502018
1579	17	502019
1580	17	502020
1581	17	503001
1582	17	503002
1583	17	503003
1584	17	503004
1585	17	503005
1586	17	503006
1587	17	503007
1588	17	503008
1589	17	503009
1590	17	503010
1591	17	503011
1592	17	503012
1593	17	503013
1594	17	503014
1595	17	503015
1596	17	503016
1597	17	503017
1598	17	503018
1599	17	503019
1600	17	503020
1601	17	504101
1602	17	504102
1603	17	504103
1604	17	504104
1605	17	504105
1606	17	504106
1607	17	504107
1608	17	504108
1609	17	504109
1610	17	504110
1611	17	504111
1612	17	504112
1613	17	504113
1614	17	504114
1615	17	504115
1616	17	504116
1617	17	504117
1618	17	504118
1619	17	504119
1620	17	504120
1621	17	504201
1622	17	504202
1623	17	504203
1624	17	504204
1625	17	504205
1626	17	504206
1627	17	504207
1628	17	504208
1629	17	504209
1630	17	504210
1631	17	504301
1632	17	504302
1633	17	504303
1634	17	504304
1635	17	504305
1636	17	504306
1637	17	504307
1638	17	504308
1639	17	504309
1640	17	504310
1641	17	504311
1642	17	504312
1643	17	504313
1644	17	504314
1645	17	504315
1646	17	504316
1647	17	504317
1648	17	504318
1649	17	504319
1650	17	504320
