id	config_name	helpid	speicid	helpid	speicid	name	modelResource	modelResourceScale	modelResourceRadius	animatorResource	switchEffect	idleEffect	headResource	headResource_4	perloadId	endPerformance	selectCollider	battleBornAni	battleBornEffect	battleDeadEffect	battleSkillStartScale	battleSkillStartRoate	battleSkillStartPosition	sSkipCutUp	isHugeBoss	
1000111	埼玉					埼玉	0	1	1	0	 	 	0	0	0	 	0.5,2,1	born_show	 	 	2	-4	-174|-347	1,-200,-80	0
1000125	埼玉_埼玉家（睡衣）	00012	2	0001	2	埼玉	100012000	1	1	700012050	 	 	313000102	321000102	1000111	 	0.5,2,1	born_show	 	 	2	-4	-174|-348	1,-200,-80	0
1000126	埼玉_埼玉家（睡衣）（卤蛋脸）	00012	4	0001	4	埼玉	100014000	1	1	700012050	 	 	313000104	321000104	1000111	 	0.5,2,1	born_show	 	 	2	-4	-174|-349	1,-200,-80	0
1000131	埼玉_卤蛋头-剧情1	00010	3	0001	3	埼玉	100013000	1	1	700010301	 	 	317000001	321000103	1000131	qiyu_story1_win	0.5,2,1	born_show	 	 	2	-4	-174|-350	1,-200,-80	0
1000111	埼玉_认真脸-剧情1	00010	0	0001	0	埼玉	100010000	1	1	700010301	 	 	313000100	321000100	1000131	qiyu_story1_win	0.5,2,1	born_show	 	 	2	-4	-174|-351	1,-200,-80	0
1000132	埼玉_卤蛋头-剧情2	00010	3	0001	3	埼玉	100013000	1	1	700010302	 	 	317000001	321000103	1000131	qiyu_story2_win	0.5,2,1	born_show	 	 	2	-4	-174|-352	1,-200,-80	0
1000161	埼玉卡片_skill1	00011	1	0001	0	认真拳	100011000	1	1	700011040	 	 	313000100	321000101	1000111	qiyu_skill1	0.5,2,1	born_show	 	 	2	-4	-174|-353	1,-200,-80	0
1000162	埼玉卡片_skill2	00011	3	0001	3	普通拳	100013000	1	1	700011040	 	 	317000001	321000103	1000131	qiyu_skill2	0.5,2,1	born_show	 	 	2	-4	-174|-354	1,-200,-80	0
1000163	埼玉卡片_skill3	00011	1	0001	0	连续普通拳	100011000	1	1	700011040	 	 	313000100	321000101	1000111	qiyu_skill3	0.5,2,1	born_show	 	 	2	-4	-174|-355	1,-200,-80	0
1000164	埼玉战斗_埼玉_认真脸_剧情5	00011	1	0001	0	埼玉	100011000	1	1	700011040	 	 	313000100	321000101	1000111	qiyu_story5_win	0.5,2,1	born_show	 	 	2	-4	-174|-355	1,-200,-80	0
1000165	埼玉卡片_结算	00011	1	0001	0	认真拳	100011000	1	1	700011040	 	 	313000100	321000101	1000111	qiyu_card_win	0.5,2,1	born_show	 	 	2	-4	-174|-353	1,-200,-80	0
1000166	埼玉（视频播放_结算）	00011	1	0001	0	认真拳	100011000	1	1	700011040	 	 	313000100	321000101	1000111	battledialog_video_play	0.5,2,1	born_show	 	 	2	-4	-174|-353	1,-200,-80	0
1000167	埼玉_卤蛋头_剧情11	00011	3	0001	3	埼玉	100013000	1	1	700011040	 	 	313000103	321000103	1000111	qiyu_story11_win	0.5,2,1	born_show	 	 	2	-4	-174|-355	1,-200,-80	0
1000168	埼玉_卤蛋头_剧情13	00011	3	0001	3	埼玉	100013000	1	1	700011040	 	 	313000103	321000103	1000111	qiyu_story13_win	0.5,2,1	born_show	 	 	2	-4	-174|-355	1,-200,-80	0
1000141	埼玉_西装	00011	1	0001	0	埼玉	100011000	1	1	700011040	 	 	313000100	321000101	1000111	 	0.5,2,1	born_show	 	 	3	0	-33|-1317	1,-120,-470	0
1000142	埼玉_西装（全动作）	00010	5	0001	5	埼玉	100015000	1	1	700010500	 	 	313000105	321000103	1000111	 	0.5,2,1	born_show	 	 	3	0	-33|-1317	1,-120,-470	0
1000143	埼玉_衬衫	00010	6	0001	6	埼玉	100016000	1	1	700010500	 	 	313000106	321000106	1000111	 	0.5,2,1	born_show	 	 	3	0	-33|-1317	1,-120,-470	0
1000211	杰诺斯·武装	00021	1	0002	0	杰诺斯	100021000	1	1	700021010	 	 	313000200	321000201	1000312	jienuosi_win	0.5,2,1	born_show	 	 	3	0	0|-1160	1,-120,-470	0
1000212	杰诺斯·武装（展示）	00021	1	0002	0	杰诺斯	100021000	1	1	700021020	 	 	313000200	321000201	1000312	jienuosi_win	0.5,2,1	born_show	 	 	3	0	0|-1160	1,-120,-470	0
1000221	杰诺斯·武装（S技能）	00022	2	0002	2	杰诺斯	100022000	1	1	700022010	 	 	313000202	321000202	1000312	jienuosi_win	0.5,2,1	born_show	 	 	3	0	0|-1160	1,-120,-470	0
1000311	战栗的龙卷	00031	1	0003	0	战栗的龙卷	100031000	1	1	700031010	 	 	313000300	321000301	1000312	zhanlidelongjuan_win	0.5,2,1	born_show	 	 	3	0	-130|-980	1,-180,-430	0
1000312	战栗的龙卷（展示）	00031	1	0003	0	战栗的龙卷	100031000	1	1	700031020	 	 	313000300	321000301	1000312	zhanlidelongjuan_win	0.5,2,1	born_show	 	 	3	0	-130|-980	1,-180,-430	0
1000313	战栗的龙卷（剧情）	00031	1	0003	0	战栗的龙卷	100031000	1	1	700031030	 	 	313000300	321000301	1000312	zhanlidelongjuan_win	0.5,2,1	born_show	 	 	3	0	-130|-980	1,-180,-430	0
1000321	战栗的龙卷（星月魔女皮肤）	00032	2	0003	2	战栗的龙卷	100032000	1	1	700032010	 	 	313000300	321000301	1000312	zhanlidelongjuan_xingyuemonv_win	0.5,2,1	born_show	 	 	3	0	-130|-980	1,-180,-430	0
1000322	战栗的龙卷（星月魔女皮肤展示）	00032	2	0003	2	战栗的龙卷	100032000	1	1	700032020	 	 	313000300	321000301	1000312	zhanlidelongjuan_xingyuemonv_win	0.5,2,1	born_show	 	 	3	0	-130|-980	1,-180,-430	0
1000411	银色獠牙	00041	1	0004	0	银色獠牙	100042000	1	1	700041010	 	 	313000400	321000401	1000411	yinseliaoya_win	0.5,2,1	born_show	 	 	2	8	420|-670	1,35,-520	0
1000421	银色獠牙（肌肉）	00041	1	0004	0	银色獠牙	100041000	1	1	700041010	 	 	313000400	321000401	1000411	yinseliaoya_win	0.5,2,1	born_show	 	 	2	8	420|-670	1,35,-520	0
1000412	银色獠牙（展示）	00041	2	0004	2	银色獠牙	100042000	1	1	700041020	 	 	313000402	321000402	1000412	yinseliaoya_win	0.5,2,1	born_show	 	 	2	8	420|-670	1,35,-520	0
1000413	银色獠牙（技能3s）	00043	3	0004	3	银色獠牙	100043000	1	1	700043010	 	 	313000403	321000403	1000412	yinseliaoya_win	0.5,2,1	born_show	 	 	2	8	420|-670	1,35,-520	0
1000511	KING	00051	1	0005	0	KING	100051000	1	1	700051010	 	 	313000500	321000501	1000611	king_win	0.5,2,1	born_show	 	 	3	0	-40|-1285	1.2,-160,-700	0
1000512	KING（展示）	00051	1	0005	0	KING	100051000	1	1	700051020	 	 	313000500	321000501	1000612	king_win	0.5,2,1	born_show	 	 	3	0	-40|-1285	1.2,-160,-700	0
1000611	原子武士	00061	1	0006	0	原子武士	100061000	1	1	700061010	 	 	313000600	321000601	1000611	yuanziwushi_win	0.5,2,1	born_show	 	 	2	0	-120|-870	1,-180,-445	0
1000612	原子武士（展示）	00061	1	0006	0	原子武士	100061000	1	1	700061020	 	 	313000600	321000601	1000612	yuanziwushi_win	0.5,2,1	born_show	 	 	2	0	-120|-870	1,-180,-445	0
1000711	金属骑士	00071	1	0007	0	金属骑士	100071000	1	1	700071010	 	 	313000700	321000701	1000811	jinshuqishi_win	0.5,2,1	born_show	 	 	2	0	-120|-430	1,-200,-250	0
1000712	金属骑士（展示）	00071	1	0007	0	金属骑士	100071000	1	1	700071020	 	 	313000700	321000701	1000812	jinshuqishi_win	0.5,2,1	born_show	 	 	2	0	-120|-430	1,-200,-250	0
1000721	金属骑士召唤物	00072	2	0007	2	物资机器人	100072000	1	1	700072010	 	 	313000702	321000702	1000812	jinshuqishi_win	0.5,2,1	born_show	210007032,point_root,0,0|210007031,point_spine3,1,1	 	2	0	-120|-430	1,-200,-250	0
1000811	金属球棒	00081	1	0008	0	金属球棒	100081000	1	1	700081010	210008016,point_root,1,1	210008004,point_root,1,1	313000800	321000801	1000811	jinshuqiubang_win	0.5,2,1	born_show	 	 	2	5	-45|-1020	1,-180,-530	0
1000812	金属球棒（展示）	00081	1	0008	0	金属球棒	100081000	1	1	700081020	210008016,point_root,1,1	210008004,point_root,1,1	313000800	321000801	1000812	jinshuqiubang_win	0.5,2,1	born_show	 	 	2	5	-45|-1020	1,-180,-530	0
1000911	性感囚犯	00091	1	0009	0	性感囚犯	100091000	1	1	700091010	 	 	313000900	321000901	1001111	xingganqiufan_win	0.5,2,1	born_show	 	 	2	5	-45|-850	1,-180,-530	0
1000912	性感囚犯（展示）	00091	1	0009	0	性感囚犯	100091000	1	1	700091020	 	 	313000900	321000901	1001112	xingganqiufan_win	0.5,2,1	born_show	 	 	2	5	-45|-850	1,-180,-530	0
1000913	性感囚犯（天使形态）	00091	1	0009	0	性感囚犯	100091000	1	1	700092010	 	 	313000900	321000901	1001111	xingganqiufan_win	0.5,2,1	born_show	 	 	2	5	-45|-850	1,-180,-530	0
1000921	性感囚犯_全裸	00091	2	0009	2	性感囚犯	100092000	1	1	700091010	 	 	313000902	321000902	1001111	xingganqiufan_win	0.5,2,1	born_show	 	 	2	5	-45|-850	1,-180,-530	0
1001011	甜心假面	00101	1	0010	0	甜心假面	100101000	1	1	700101010	 	 	313001000	321001001	1001111	tianxinjiamian_win	0.5,2,1	born_show	 	 	3	6	-32|-1190	1.2,-210,-660	0
1001012	甜心假面（展示）	00101	1	0010	0	甜心假面	100101000	1	1	700101020	 	 	313001000	321001001	1001112	tianxinjiamian_win	0.5,2,1	born_show	 	 	3	6	-32|-1190	1.2,-210,-660	0
1001111	闪电麦克斯（闪电麦克斯）	00111	1	0011	0	闪电麦克斯	100111000	1	1	700111010	 	 	313001100	321001101	1001111	shandianmax_win	0.5,2,1	born_show	 	 	3	0	-140|-1025	1,-210,-445	0
1001112	闪电麦克斯（闪电麦克斯）（展示）	00111	1	0011	0	闪电麦克斯	100111000	1	1	700111020	 	 	313001100	321001101	1001112	shandianmax_win	0.5,2,1	born_show	 	 	3	0	-140|-1025	1,-210,-445	0
1001113	闪电麦克斯（闪电麦克斯）（剧情）	00111	1	0011	0	闪电麦克斯	100111000	1	1	700111030	 	 	313001100	321001101	1001111	shandianmax_win	0.5,2,1	born_show	 	 	3	0	-140|-1025	1,-210,-445	0
1001211	居合庵（居合庵）	00121	1	0012	0	居合庵	100121000	1	1	700121010	 	 	313001200	321001201	1001211	juhean_win	0.5,2,1	born_show	 	 	3	0	-140|-1200	1,-210,-445	0
1001212	居合庵（居合庵）（展示）	00121	1	0012	0	居合庵	100121000	1	1	700121020	 	 	313001200	321001201	1001212	juhean_win	0.5,2,1	born_show	 	 	3	0	-140|-1200	1,-210,-445	0
1001311	毒刺（毒刺）	00131	1	0013	0	毒刺	100131000	1	1	700131010	 	 	313001300	321001301	1001311	duci_win	0.5,2,1	born_show	 	 	3	0	-140|-1040	1,-110,-440	0
1001312	毒刺（毒刺）（展示）	00131	1	0013	0	毒刺	100131000	1	1	700131020	 	 	313001300	321001301	1001312	duci_win	0.5,2,1	born_show	 	 	3	0	-140|-1040	1,-110,-440	0
1001411	黄金球	00141	1	0014	0	黄金球	100141000	1	1	700141010	 	 	313001400	321001401	1001311	huangjinqiu_win	0.5,2,1	born_show	 	 	2	-8	-140|-985	1,-100,-530	0
1001412	黄金球（展示）	00141	1	0014	0	黄金球	100141000	1	1	700141020	 	 	313001400	321001401	1001312	huangjinqiu_win	0.5,2,1	born_show	 	 	2	-8	-140|-985	1,-100,-530	0
1001511	弹簧胡子	00151	1	0015	0	弹簧胡子	100151000	1	1	700151010	 	 	313001500	321001501	1001511	tanhuanghuzi_win	0.5,2,1	born_show	 	 	3	0	-140|-905	1,-160,-360	0
1001512	弹簧胡子（展示）	00151	1	0015	0	弹簧胡子	100151000	1	1	700151020	 	 	313001500	321001501	1001512	tanhuanghuzi_win	0.5,2,1	born_show	 	 	3	0	-140|-905	1,-160,-360	0
1001611	蛇咬拳史涅克（蛇咬拳斯奈克）	00161	1	0016	0	蛇咬拳史涅克	100161000	1	1	700161010	 	 	313001600	321001601	1001611	sineike_win	0.5,2,1	born_show	 	 	2	-4	-160|-920	1,-160,-490	0
1001612	蛇咬拳史涅克（蛇咬拳斯奈克）（展示）	00161	1	0016	0	蛇咬拳史涅克	100161000	1	1	700161020	 	 	313001600	321001601	1001612	sineike_win	0.5,2,1	born_show	 	 	2	-4	-160|-920	1,-160,-490	0
1001711	青焰	00171	1	0017	0	青焰	100171000	1	1	700171010	 	 	313001700	321001701	1001711	qingyan_win	0.5,2,1	born_show	 	 	2	0	-75|-885	1,-130,-445	0
1001712	青焰（展示）	00171	1	0017	0	青焰	100171000	1	1	700171020	 	 	313001700	321001701	1001712	qingyan_win	0.5,2,1	born_show	 	 	2	0	-75|-885	1,-130,-445	0
1001811	雷光源氏	00181	1	0018	0	雷光源氏	100181000	0	1	700181010	 	 	313001800	321001801	1001711	leiguangyuanshi_win	0.5,2,1	born_show	 	 	2	0	70|-820	0.8,-130,-340	0
1001812	雷光源氏（展示）	00181	1	0018	0	雷光源氏	100181000	0	1	700181020	 	 	313001800	321001801	1001712	leiguangyuanshi_win	0.5,2,1	born_show	 	 	2	0	70|-820	0.8,-130,-340	0
1001911	微笑超人（微笑超人）	00191	1	0019	0	微笑超人	100191000	1	1	700191010	 	 	313001900	321001901	1001911	weixiaochaoren_win	0.5,2,1	born_show	 	 	2	0	-10|-875	1,-160,-450	0
1001912	微笑超人（微笑超人）（展示）	00191	1	0019	0	微笑超人	100191000	1	1	700191020	 	 	313001900	321001901	1001912	weixiaochaoren_win	0.5,2,1	born_show	 	 	2	0	-10|-875	1,-160,-450	0
1001913	微笑超人（微笑超人）（剧情）	00191	1	0019	0	微笑超人	100191000	1	1	700191030	 	 	313001900	321001901	1001911	weixiaochaoren_win	0.5,2,1	born_show	 	 	2	0	-10|-875	1,-160,-450	0
1002011	重型金刚（重型金刚）	00201	1	0020	0	重型金刚	100201000	1	1	700201010	 	 	313002000	321002001	1001911	zhongliangjingang_win	0.5,2,1	born_show	 	 	2	10	200|-995	1,-160,-500	0
1002012	重型金刚（重型金刚）（展示）	00201	1	0020	0	重型金刚	100201000	1	1	700201020	 	 	313002000	321002001	1001912	zhongliangjingang_win	0.5,2,1	born_show	 	 	2	10	200|-995	1,-160,-500	0
1002111	地狱的吹雪	00211	1	0021	0	地狱的吹雪	100211000	1	1	700211010	 	 	313002100	321002101	1002111	diyudechuixue_win	0.5,2,1	born_show	 	 	2	0	90|-920	1,-40,-500	0
1002112	地狱的吹雪（展示）	00211	1	0021	0	地狱的吹雪	100211000	1	1	700211020	 	 	313002100	321002101	1002112	diyudechuixue_win	0.5,2,1	born_show	 	 	2	0	90|-920	1,-40,-500	0
1002113	地狱的吹雪（社团）	00213	3	0021	3	地狱的吹雪	100213000	1	1	700213020	 	 	313002103	321002103	1002112	diyudechuixue_win	0.5,2,1	born_show	 	 	2	0	90|-920	1,-40,-500	0
1002121	地狱的吹雪（圣诞节皮肤）	00212	2	0021	2	地狱的吹雪	100212000	1	1	700212010	 	 	313002102	321002102	1002111	diyudechuixue_shengdan_win	0.5,2,1	born_show	 	 	2	0	90|-920	1,-40,-500	0
1002122	地狱的吹雪（圣诞节皮肤）（展示）	00212	2	0021	2	地狱的吹雪	100212000	1	1	700212020	 	 	313002102	321002102	1002112	diyudechuixue_shengdan_win	0.5,2,1	born_show	 	 	2	0	90|-920	1,-40,-500	0
1002211	冲天好小子（冲天好小子）	00221	1	0022	0	冲天好小子	100221000	1	1	700221010	 	 	313002200	321002201	1002111	chongtianxiaozi_win	0.5,2,1	born_show	 	 	2	0	-125|-955	1,-200,-500	0
1002212	冲天好小子（冲天好小子）（展示）	00221	1	0022	0	冲天好小子	100221000	1	1	700221020	 	 	313002200	321002201	1002112	chongtianxiaozi_win	0.5,2,1	born_show	 	 	2	0	-125|-955	1,-200,-500	0
1002311	背心黑洞	00231	1	0023	0	背心黑洞	100231000	1	1	700231010	 	 	313002300	321002301	1002311	beixinheidong_win	0.5,2,1	born_show	 	 	3	0	46|-1140	1,-200,-445	0
1002312	背心黑洞（展示）	00231	1	0023	0	背心黑洞	100231000	1	1	700231020	 	 	313002300	321002301	1002312	beixinheidong_win	0.5,2,1	born_show	 	 	3	0	46|-1140	1,-200,-445	0
1002321	背心黑洞（技能换模型）	00232	1	0023	0	背心黑洞	100231000	1	1	700232010	 	 	313002300	321002301	1002311	beixinheidong_win	0.5,2,1	born_show	 	 	3	0	46|-1140	1,-200,-445	0
1002411	睫毛	00241	1	0024	0	睫毛	100241000	1	1	700241010	 	 	313002400	321002401	1002411	jiemao_win	0.5,2,1	born_show	 	 	3	4	140|-1200	1,-140,-510	0
1002412	睫毛（展示）	00241	1	0024	0	睫毛	100241000	1	1	700241020	 	 	313002400	321002401	1002412	jiemao_win	0.5,2,1	born_show	 	 	3	4	140|-1200	1,-140,-510	0
1002511	山猿	00251	1	0025	0	山猿	100251000	1	1	700251010	 	 	313002500	321002501	1002411	shanyuan_win	0.5,2,1	born_show	 	 	3	0	35|-997	1,-200,-445	0
1002512	山猿（展示）	00251	1	0025	0	山猿	100251000	1	1	700251020	 	 	313002500	321002501	1002412	shanyuan_win	0.5,2,1	born_show	 	 	3	0	35|-997	1,-200,-445	0
1002611	三节棍莉莉	00261	1	0026	0	三节棍莉莉	100261000	1	1	700261010	 	 	313002600	321002601	1002411	sanjiegunlili_win	0.5,2,1	born_show	 	 	3	-3	-195|-960	1,-95,-430	0
1002612	三节棍莉莉（展示）	00261	1	0026	0	三节棍莉莉	100261000	1	1	700261020	 	 	313002600	321002601	1002412	sanjiegunlili_win	0.5,2,1	born_show	 	 	3	-3	-195|-960	1,-95,-430	0
1002711	蘑菇	00271	1	0027	0	蘑菇	100271000	1	1	700271010	 	 	313002700	321002701	1002711	mogu_win	0.5,2,1	born_show	 	 	2	0	-140|-640	0.8,-150,-290	0
1002712	蘑菇（展示）	00271	1	0027	0	蘑菇	100271000	1	1	700271020	 	 	313002700	321002701	1002712	mogu_win	0.5,2,1	born_show	 	 	2	0	-140|-640	0.8,-150,-290	0
1002811	无证骑士（无证骑士）	00281	1	0028	0	无证骑士	100281000	1	1	700281010	 	 	313002800	321002801	1002811	wuzhengqishi_win	0.5,2,1	born_show	 	 	3	0	-240|-1060	1,-170,-450	0
1002812	无证骑士（无证骑士）（展示）	00282	2	0028	2	无证骑士	100282000	1	1	700282020	 	 	313002802	321002802	1002812	wuzhengqishi_win	0.5,2,1	born_show	 	 	3	0	-240|-1060	1,-170,-450	0
1002813	无证骑士（无证骑士）（剧情）	00281	1	0028	0	无证骑士	100281000	1	1	700281030	 	 	313002800	321002801	1002811	wuzhengqishi_win	0.5,2,1	born_show	 	 	3	0	-240|-1060	1,-170,-450	0
1002821	无证骑士_带自行车（无证骑士）	00282	2	0028	2	无证骑士	100282000	1	1	700282010	 	 	313002802	321002802	1002821	wuzhengqishi_win	0.5,2,1	born_show	 	 	3	0	-240|-1060	1,-170,-450	0
1002911	背心之虎	00291	1	0029	0	背心之虎	100291000	1	1	700291010	 	 	313002900	321002901	1002911	beixinmenghu_win	0.5,2,1	born_show	 	 	3	0	130|-1135	1,-40,-450	0
1002912	背心之虎（展示）	00291	1	0029	0	背心之虎	100291000	1	1	700291020	 	 	313002900	321002901	1002912	beixinmenghu_win	0.5,2,1	born_show	 	 	3	0	130|-1135	1,-40,-450	0
1003011	大背头男	00301	1	0030	0	大背头男	100301000	1	1	700301010	 	 	313003000	321003001	1003011	youtouxia_win	0.5,2,1	born_show	 	 	3	0	30|-1135	1,-40,-450	0
1003012	大背头男（展示）	00301	1	0030	0	大背头男	100301000	1	1	700301020	 	 	313003000	321003001	1003012	youtouxia_win	0.5,2,1	born_show	 	 	3	0	30|-1135	1,-40,-450	0
1003111	嗡嗡侠	00311	1	0031	0	嗡嗡侠	100311000	1	1	700311010	 	 	313003100	321003101	1003012	kuaiquanxia_win	0.5,2,1	born_show	 	 	3	-3	-40|-1120	1,-200,-445	0
1003112	嗡嗡侠（展示）	00311	1	0031	0	嗡嗡侠	100311000	1	1	700311020	 	 	313003100	321003101	1003012	kuaiquanxia_win	0.5,2,1	born_show	 	 	3	-3	-40|-1120	1,-200,-445	0
1003211	十字键	00321	1	0032	0	十字键	100321000	1	1	700321010	 	 	313003200	321003201	1003211	shizijian_win	0.5,2,1	born_show	 	 	2	7	25|-840	1,-40,-320	0
1003212	十字键（展示）	00321	1	0032	0	十字键	100321000	1	1	700321020	 	 	313003200	321003201	1003212	shizijian_win	0.5,2,1	born_show	 	 	2	7	25|-840	1,-40,-320	0
1003311	电池侠（电池侠）	00331	1	0033	0	电池侠	100331000	1	1	700331010	 	 	313003300	321003301	1003311	dianchichaoren_win	0.5,2,1	born_show	 	 	2	5	-120|-960	1,-40,-470	0
1003312	电池侠（电池侠）（展示）	00331	1	0033	0	电池侠	100331000	1	1	700331020	 	 	313003300	321003301	1003312	dianchichaoren_win	0.5,2,1	born_show	 	 	2	5	-120|-960	1,-40,-470	0
1003411	装甲股长	00341	1	0034	0	装甲股长	100341000	1	1	700341010	 	 	313003400	321003401	1003311	wuzhuangsz_win	0.5,2,1	born_show	 	 	2	0	-120|-930	0.9,-120,-375	0
1003412	装甲股长（展示）	00341	1	0034	0	装甲股长	100341000	1	1	700341020	 	 	313003400	321003401	1003312	wuzhuangsz_win	0.5,2,1	born_show	 	 	2	0	-120|-930	0.9,-120,-375	0
1003511	丧服吊带裤	00351	1	0035	0	丧服吊带裤	100351000	1	1	700351010	 	 	313003500	321003501	1003511	sangfudiaodai_win	0.5,2,1	born_show	 	 	3	0	-120|-1150	1,-145,-470	0
1003512	丧服吊带裤（展示）	00351	1	0035	0	丧服吊带裤	100351000	1	1	700351020	 	 	313003500	321003501	1003512	sangfudiaodai_win	0.5,2,1	born_show	 	 	3	0	-120|-1150	1,-145,-470	0
1003611	臭鼬男孩防毒面具	00361	1	0036	0	臭鼬男孩防毒面具	100361000	1	1	700361010	 	 	313003600	321003601	1003511	fangdumianju_win	0.5,2,1	born_show	 	 	2,5	0	-130|-890	1,-145,-470	0
1003612	臭鼬男孩防毒面具（展示）	00361	1	0036	0	臭鼬男孩防毒面具	100361000	1	1	700361020	 	 	313003600	321003601	1003512	fangdumianju_win	0.5,2,1	born_show	 	 	2,5	0	-130|-890	1,-145,-470	0
1003711	乌马洪（乌马洪）	00371	1	0037	0	乌马洪	100371000	1	1	700371010	 	 	313003700	321003701	1003711	wumahong_win	0.5,2,1	born_show	 	 	2	0	-80|-960	1,-145,-470	0
1003712	乌马洪（乌马洪）（展示）	00371	1	0037	0	乌马洪	100371000	1	1	700371020	 	 	313003700	321003701	1003712	wumahong_win	0.5,2,1	born_show	 	 	2	0	-80|-960	1,-145,-470	0
1003811	火男面	00381	1	0038	0	火男面	100381000	1	1	700381010	 	 	313003800	321003801	1003711	huonanmian_win	0.5,2,1	born_show	 	 	3	0	-180|-1200	1,-200,-445	0
1003812	火男面（展示）	00381	1	0038	0	火男面	100381000	1	1	700381020	 	 	313003800	321003801	1003712	huonanmian_win	0.5,2,1	born_show	 	 	3	0	-180|-1200	1,-200,-445	0
1003911	音速的索尼克	00391	1	0039	0	音速索尼克	100391000	1	1	700391010	 	 	313003900	321003901	1003911	suonike_win	0.5,2,1	born_show	 	 	3	0	-220|-950	1,-200,-445	0
1003912	音速的索尼克（展示）	00391	1	0039	0	音速索尼克	100391000	1	1	700391020	 	 	313003900	321003901	1003912	suonike_win	0.5,2,1	born_show	 	 	3	0	-220|-950	1,-200,-445	0
1003913	音速的索尼克影子1	00391	1	0039	0	音速索尼克	100391000	1	1	700391010	 	 	313003900	321003901	1003911	suonike_win	0.5,2,1	idle_y1_loop	210039011,point_root,0,0	210039012,point_root,0,0	3	0	-220|-950	1,-200,-445	0
1003914	音速的索尼克影子2	00391	1	0039	0	音速索尼克	100391000	1	1	700391010	 	 	313003900	321003901	1003911	suonike_win	0.5,2,1	idle_y2_loop	210039011,point_root,0,0	210039012,point_root,0,0	3	0	-220|-950	1,-200,-445	0
1003915	音速的索尼克影子3	00391	1	0039	0	音速索尼克	100391000	1	1	700391010	 	 	313003900	321003901	1003911	suonike_win	0.5,2,1	idle_y3_loop	210039011,point_root,0,0	210039012,point_root,0,0	3	0	-220|-950	1,-200,-445	0
1003916	音速的索尼克影子4	00391	1	0039	0	音速索尼克	100391000	1	1	700391010	 	 	313003900	321003901	1003911	suonike_win	0.5,2,1	idle_y4_loop	210039011,point_root,0,0	210039012,point_root,0,0	3	0	-220|-950	1,-200,-445	0
1003917	音速的索尼克（囚徒）	00392	2	0039	2	音速索尼克	100392000	1	1	700392010	 	 	313003902	321003902	1003911	suonike_win	0.5,2,1	born_show	 	 	3	0	-220|-950	1,-200,-445	0
1004011	钉锤头	00401	1	0040	0	钉锤头	100401000	1	1	700401010	 	 	313004000	321004001	1004011	dingtouchui_win	0.5,2,1	born_show	 	 	2	0	-120|-670	0.8,-135,-230	0
1004012	钉锤头（展示）	00401	1	0040	0	钉锤头	100401000	1	1	700401020	 	 	313004000	321004001	1004012	dingtouchui_win	0.5,2,1	born_show	 	 	2	0	-120|-670	0.8,-135,-230	0
1004111	茶岚子（茶岚子）	00411	1	0041	0	茶岚子	100411000	1	1	700411010	 	 	313004100	321004101	1004111	chalanzi_win	0.5,2,1	born_show	 	 	2	12	30|-865	1,-200,-445	0
1004112	茶岚子（茶岚子）（展示）	00411	1	0041	0	茶岚子	100411000	1	1	700411020	 	 	313004100	321004101	1004112	chalanzi_win	0.5,2,1	born_show	 	 	2	12	30|-865	1,-200,-445	0
1004211	超合金黑光	00421	1	0042	0	超合金黑光	100421000	1	1	700421010	 	 	313004200	321004201	1004211	chaohejin_win	0.5,2,1	born_show	 	 	2	12	30|-865	1,-200,-445	0
1004212	超合金黑光（展示）	00421	1	0042	0	超合金黑光	100421000	1	1	700421020	 	 	313004200	321004201	1004212	chaohejin_win	0.5,2,1	born_show	 	 	2	12	30|-865	1,-200,-445	0
1004311	猪神	00431	1	0043	0	猪神	100431000	1	1	700431010	 	 	313004300	321004301	1004311	zhushen_win	0.5,2,1	born_show	 	 	2	12	30|-865	1,-200,-445	0
1004312	猪神（展示）	00431	2	0043	2	猪神	100432000	1	1	700431020	 	 	313004302	321004302	1004312	zhushen_win	0.5,2,1	born_show	 	 	2	12	30|-865	1,-200,-445	0
1004511	僵尸男	00451	1	0045	0	僵尸男	100451000	1	1	700451010	 	 	313004500	321004501	10045111	jiangshinan_win	0.5,2,1	born_show	 	 	2	12	30|-865	1,-200,-445	0
1004512	僵尸男（展示）	00451	1	0045	0	僵尸男	100451000	1	1	700451020	 	 	313004500	321004501	1004512	jiangshinan_win	0.5,2,1	born_show	 	 	2	12	30|-865	1,-200,-445	0
1004611	童帝	00461	1	0046	0	童帝	100461000	1	1	700461010	 	 	313004600	321004601	1004611	tongdi_win	0.5,2,1	born_show	 	 	2	12	30|-865	1,-200,-445	0
1004612	童帝（展示）	00461	1	0046	0	童帝	100461000	1	1	700461020	 	 	313004600	321004601	1004612	tongdi_win	0.5,2,1	born_show	 	 	2	12	30|-865	1,-200,-445	0
1004711	背心尊者	00471	1	0047	0	背心尊者	100471000	1	1	700471010	 	 	313004700	321004701	1004711	beixinzunzhe_win	0.5,2,1	born_show	 	 	2	12	30|-865	1,-200,-445	0
1004712	背心尊者（展示）	00471	1	0047	0	背心尊者	100471000	0	1	700471020	 	 	313004700	321004701	1004712	beixinzunzhe_win	0.5,2,1	born_show	 	 	2	12	30|-865	1,-200,-445	0
1004811	闪光的弗莱士	00481	1	0048	0	闪光的弗莱士	100481000	1	1	700481010	 	 	313004800	321004801	1004811	folaishi_win	0.5,2,1	born_show	 	 	2	12	30|-865	1,-200,-445	0
1004812	闪光的弗莱士（展示）	00481	1	0048	0	闪光的弗莱士	100481000	1	1	700481020	 	 	313004800	321004801	1004812	folaishi_win	0.5,2,1	born_show	 	 	2	12	30|-865	1,-200,-445	0
1004911	警犬侠	00491	1	0049	0	警犬侠	100491000	1	1	700491010	 	 	313004900	321004901	1004911	jingquanxia_win	0.5,2,1	born_show	 	 	2	12	30|-865	1,-200,-445	0
1004912	警犬侠（展示）	00491	1	0049	0	警犬侠	100491000	1	1	700491020	 	 	313004900	321004901	1004912	jingquanxia_win	0.5,2,1	born_show	 	 	2	12	30|-865	1,-200,-445	0
1005011	杰诺斯（普通）	00501	1	0050	0	杰诺斯	100501000	1	1	700501010	 	 	313005000	321005001	1005011	jienuosi2_win	0.5,2,1	born_show	 	 	2	6	-10|-865	1,-445,-596	0
1005012	杰诺斯（普通）（展示）	00501	1	0050	0	杰诺斯	100501000	1	1	700501020	 	 	313005000	321005001	1005012	jienuosi2_win	0.5,2,1	born_show	 	 	2	6	-10|-865	1,-445,-597	0
1005013	杰诺斯（普通）（剧情）	00501	1	0050	0	杰诺斯	100501000	1	1	700501030	 	 	313005000	321005001	1005012	jienuosi2_win	0.5,2,1	born_show	 	 	2	6	-10|-865	1,-445,-598	0
1005015	杰诺斯（普通）（埼玉家）	00501	1	0050	0	杰诺斯	100501000	1	1	700501050	 	 	313005000	321005001	1005012	jienuosi2_win	0.5,2,1	born_show	 	 	2	6	-10|-865	1,-445,-599	0
1005021	杰诺斯（西装）	00501	2	0050	2	杰诺斯	100502000	1	1	700501010	 	 	313005000	321005001	1005012	jienuosi2_xizhuang_win	0.5,2,1	born_show	 	 	2	6	-10|-865	1,-445,-596	0
1005022	杰诺斯（西装）（展示）	00501	2	0050	2	杰诺斯	100502000	1	1	700501020	 	 	313005000	321005001	1005012	jienuosi2_xizhuang_win	0.5,2,1	born_show	 	 	2	6	-10|-865	1,-445,-597	0
1005111	桃源团小弟A（英雄）	00511	1	1022	0	桃源团小弟A	110221000	1	1	700511010	 	 	313102200	321102201	1005012	dingxiaodi_A_win	0.5,2,1	born_show	 	 	2	0	-80|-960	1,-145,-470	0
1005112	桃源团小弟A（展示）	00511	1	1022	0	桃源团小弟A	110221000	1	1	700511020	 	 	313102200	321102201	1005012	dingxiaodi_A_win	0.5,2,1	born_show	 	 	2	0	-80|-960	1,-145,-470	0
1005211	桃源团小弟B（英雄）	00521	1	1043	0	桃源团小弟B	110431000	1	1	700521010	 	 	313104300	321104301	1005012	dingxiaodi_B_win	0.5,2,1	born_show	 	 	2	0	-80|-960	1,-145,-470	0
1005212	桃源团小弟B（展示）	00521	1	1043	0	桃源团小弟B	110431000	1	1	700521020	 	 	313104300	321104301	1005012	dingxiaodi_B_win	0.5,2,1	born_show	 	 	2	0	-80|-960	1,-145,-470	0
1006011	蚊子女一阶（英雄）	00601	1	0060	0	蚊子女	100601000	0	1	700601010	 	 	313100500	321100501	1005012	wenzinv1_win	0.5,2,1	born_show	 	 	2	0	-80|-961	1,-145,-471	0
1006012	蚊子女一阶（展示）	00601	1	0060	0	蚊子女	100601000	0	1	700601020	 	 	313100500	321100501	1005012	wenzinv1_win	0.5,2,1	born_show	 	 	2	0	-80|-961	1,-145,-471	0
1006111	蚊子女二阶（变身后）	00611	1	0061	0	蚊子女	100611000	0	1	700611010	 	 	313103400	321103401	1005012	wenzinv2_win	0.5,2,1	born_show	 	 	2	0	-80|-961	1,-145,-471	0
1006211	阿修罗独角仙1阶（英雄）	00621	1	0062	0	阿修罗独角仙	100621000	0	1	700621010	 	 	313006200	321006201	1005012	axiuluojiachong_win	0.5,2,1	born_show	 	 	2	0	-80|-961	1,-145,-471	0
1006212	阿修罗独角仙1阶（展示）	00621	1	0062	0	阿修罗独角仙	100621000	0	1	700621020	 	 	313006200	321006201	1005012	axiuluojiachong_win	0.5,2,1	born_show	 	 	2	0	-80|-961	1,-145,-471	0
1006311	阿修罗独角仙2阶（变身后）	00631	1	0063	0	阿修罗独角仙	100631000	0	1	700631010	 	 	313103600	321103601	1005012	axiuluojiachong2_win	0.5,2,1	born_show	 	 	2	0	-80|-961	1,-145,-471	0
1006411	装甲大猩猩（英雄）	00641	1	0064	0	装甲大猩猩	100641000	0	1	700641010	 	 	313006400	321006401	1005012	daxingxing_win	0.5,2,1	born_show	 	 	2	0	-80|-961	1,-145,-471	0
1006412	装甲大猩猩（展示）	00641	1	0064	0	装甲大猩猩	100641000	0	1	700641020	 	 	313006400	321006401	1005012	daxingxing_win	0.5,2,1	born_show	 	 	2	0	-80|-961	1,-145,-471	0
1006511	兽王（英雄）	00651	1	0065	0	兽王	100651000	0	1	700651010	 	 	313006500	321006501	1005012	shouwang_win	0.5,2,1	born_show	 	 	2	0	-80|-961	1,-145,-471	0
1006512	兽王（展示）	00651	1	0065	0	兽王	100651000	0	1	700651020	 	 	313006500	321006501	1005012	shouwang_win	0.5,2,1	born_show	 	 	2	0	-80|-961	1,-145,-471	0
1006911	深海王（英雄）	10121	1	0069	0	深海王	100691000	1	1	710121010	 	 	313006900	321006901	1005012	shenhaiwang_win	0.5,2,1	born_show	 	 	2	3	210|-740	1,-145,-471	0
1006912	深海王（英雄展示）	10121	1	0069	0	深海王	100691000	0	1	710121020	 	 	313006900	321006901	1005012	shenhaiwang_win	0.5,2,1	born_show	 	 	2	3	210|-740	1,-145,-471	0
1007011	深海王2阶（英雄）	10381	1	0070	0	深海王	100701000	1	1	710381010	 	 	313007000	321007001	1005012	shenhaiwang2_win	0.5,2,1	born_show	 	 	2	3	210|-740	1,-145,-471	0
1007111	疫苗人（英雄）	00711	1	0071	0	疫苗人	100711000	1	1	700711010	 	 	313007100	321007101	1005012	yimiaoren_win	0.5,2,1	born_show	 	 	2	3	0|0	1,-145,-471	0
1007112	疫苗人（英雄展示）	00711	1	0071	0	疫苗人	100711000	1	1	700711020	 	 	313007100	321007101	1005012	yimiaoren_win	0.5,2,1	born_show	 	 	2	3	0|0	1,-145,-471	0
1007211	疫苗人2阶（英雄）	10311	1	0072	0	疫苗人	100721000	0	1	710311010	 	 	313007100	321007101	1005012	yimiaoren2_win	0.5,2,1	born_show	 	 	2	3	0|0	1,-145,-471	0
1007311	现实地底王（英雄）	00731	1	0073	0	地底王	100731000	1	1	700731010	 	 	313007200	321007201	1005012	xianshididiwang_win	0.5,2,1	born_show	 	 	2	3	0|0	1,-145,-471	0
1007312	现实地底王（英雄展示）	00731	1	0073	0	地底王	100731000	1	1	700731020	 	 	313007200	321007201	1005012	xianshididiwang_win	0.5,2,1	born_show	 	 	2	3	0|0	1,-145,-471	0
1007411	梦境地底王（英雄）	00741	1	0074	0	地底王	100741000	0	1	700741010	 	 	313007200	321007201	1005012	mengjingdidiwang_win	0.5,2,1	born_show	 	 	2	3	0|0	1,-145,-471	0
1110112	疫苗人（剧情）	10011	1	1001	0	疫苗人	110011000	1	1	710011030	 	 	313100100	321100101	0	 	0.5,2,1	born_show	 	 	0	0	0|0	1,1,1	0
1110113	疫苗人（剧情放大）	10011	1	1001	0	疫苗人	110011000	1	3	710011030	 	 	313100100	321100101	0	 	0.5,2,1	born_show	 	 	0	0	0|0	1,1,1	0
1100312	超大巨人（剧情）			000	1	光头猩	1000	1	1	0	 	 	31300001	3210000	0	 	1,4,2	born_show	 	 	0	0	0|0	1,1,1	0
1101211	深海王(旧）	10121	1	1012	0	深海王	110121000	1	1	710121010	 	 	313101200	321101201	1005012	 	0.5,2,1	born_show	 	 	2	3	210|-740	1,1,1	0
1200111	工作人员_男（剧情）	20011	1	2001	0	协会职员B	120011000	1	1	720011030	 	 	313200100	321200101	1004112	 	0.5,2,1	born_show	 	 	0	0	0|0	1,1,1	0
1200211	工作人员_女（剧情）	20021	1	2002	0	协会职员A	120021000	1	1	720021030	 	 	313200200	321200201	1004112	 	0.5,2,1	born_show	 	 	0	0	0|0	1,1,1	0
1200512	基诺斯	20051	1	2005	0	基诺斯	120051000	1	1	720051030	 	 	313200500	321200501	0	 	1,4,2	born_show	 	 	0	0	0|0	1,1,1	0
1200612	巨人哥哥（剧情）	20061	1	2006	0	臭老脸	120061000	1	1	720061030	 	 	313200600	321200601	0	 	1,4,2	born_show	 	 	0	0	0|0	1,1,1	0
1200712	巨人弟弟（剧情）	10311	1	1031	0	光头猩	110311000	1	1	710311030	 	 	313103100	321103101	0	 	0.5,2,1	born_show	 	 	0	0	0|0	1,1,1	0
110011	疫苗人(旧）	10011	1	1001	0	疫苗人	110011000	1	1	710011010	 	 	313100100	321100101	1005012	 	0.5,2,1	born_show	 	 	 	 	 	1,1,1	0
110012	疫苗人(剧情战斗）	10011	1	1001	0	疫苗人	110011000	1	1	710011010	 	 	313100100	321100101	1005012	 	0.5,2,1	born_show	 	 	 	 	 	1,1,1	0
110013	疫苗人(boss）	10011	1	1001	0	疫苗人	110011000	1	1	710011010	 	 	313100100	321100101	1005012	 	0.5,2,1	born_show	 	 	 	 	 	1,1,1	0
110021	螃蟹怪人	10021	1	1002	0	螃蟹怪人	110021000	1	1	710021010	 	 	313100200	321100201	1005012	 	0.5,2,1	born_show	 	 	 	 	 	1,1,1	0
110022	螃蟹怪人（boss）	10021	1	1002	0	螃蟹怪人	110021000	1	1	710021010	 	 	313100200	321100201	1005012	 	0.5,2,1	born_show	 	 	 	 	 	1,1,1	0
110031	巨人(旧）	10031	1	1003	0	巨人	110031000	1	1	710031010	 	 	313100300	321100301	1005012	 	0.8,4,2	born_show	 	 	 	 	 	1,1,1	0
110041	现世地底王(旧）	10041	1	1004	0	地底王	110041000	2	1	710041010	 	 	313100400	321100401	1005012	 	0.5,2,1	born_show	 	 	0	0	0|0	1,1,1	0
110042	现世地底王(小）	10041	1	1004	0	地底王	110041000	1	1	710041010	 	 	313100400	321100401	1005012	 	0.5,2,1	born_show	 	 	0	0	0|0	1,1,1	0
110043	现世地底王(boss）	10041	1	1004	0	地底王	110041000	2	1	710041010	 	 	313100400	321100401	1005012	 	0.5,2,1	born_show	 	 	0	0	0|0	1,1,1	0
110051	蚊娘1阶(旧）	10051	1	1005	0	蚊娘	110051000	1	1	710051010	 	 	313100500	321100501	1005012	 	0.5,3,1.5	born_show	 	 	 	 	 	1,1,1	0
110052	蚊娘1阶(boss）	10051	1	1005	0	蚊娘	110051000	1	1	710051010	 	 	313100500	321100501	1005012	 	0.5,3,1.5	born_show	 	 	 	 	 	1,1,1	0
110061	螳螂男(旧）	10061	1	1006	0	螳螂男	110061000	1	1	710061010	 	 	313100600	321100601	1005012	 	0.5,2,1	born_show	 	 	 	 	 	1,1,1	0
110062	巨大螳螂	10061	1	1006	0	巨大螳螂	110061000	1	1	710061010	 	 	313100600	321100601	1005012	 	0.5,2,1	born_show	 	 	 	 	 	1,1,1	0
110063	巨大螳螂2	10061	1	1006	0	巨大螳螂	110061000	2	1	710061010	 	 	313100600	321100601	1005012	 	0.5,2,1	born_show	 	 	 	 	 	1,1,1	0
110064	巨大螳螂3	10061	1	1006	0	巨大螳螂	110061000	4	4	710061010	 	 	313100600	321100601	1005012	 	0.5,2,1	born_show	 	 	 	 	 	1,1,1	0
110071	土龙(旧）	10071	1	1007	0	土龙	110071000	1	1	710071010	 	 	313100700	321100701	1005012	 	0.5,2,1	born_show	 	 	 	 	 	1,1,1	0
110072	土龙_特殊死亡	10072	1	1007	0	土龙	110071000	1	1	710072010	 	 	313100700	321100701	1005012	 	0.5,2,1	born_show	 	211007016,point_root,1,1	 	 	 	1,1,1	0
110073	巨大土龙	10071	1	1007	0	巨大土龙	110071000	2	1	710071010	 	 	313100700	321100701	1005012	 	0.5,2,1	born_show	 	 	 	 	 	1,1,1	0
110081	大猩猩(旧）	10081	1	1008	0	装甲大猩猩	110081000	1	1	710081010	 	 	313100800	321100801	1005012	 	0.5,2,1	born_show	 	 	0	0	0|0	1,1,1	0
110082	大猩猩（特殊受击）	10082	1	1008	0	装甲大猩猩	110081000	1	1	710082010	 	 	313100800	321100801	1005012	 	0.5,2,1	born_show	 	 	0	0	0|0	1,1,1	0
110083	大猩猩(boss）	10081	1	1008	0	装甲大猩猩	110081000	1	1	710081010	 	 	313100800	321100801	1005012	 	0.5,2,1	born_show	 	 	0	0	0|0	1,1,1	0
110091	兽王（旧）	10091	1	1009	0	兽王	110091000	1	1	710091010	 	 	313100900	321100901	1005012	 	0.5,2,1	born_show	 	 	0	0	0|0	1,1,1	0
110092	兽王（boss）	10091	1	1009	0	兽王	110091000	1	1	710091010	 	 	313100900	321100901	1005012	 	0.5,2,1	born_show	 	 	0	0	0|0	1,1,1	0
110101	阿修罗独角仙1阶	10101	1	1010	0	阿修罗独角仙	110101000	1	1	710101010	 	 	313101000	321101001	1005012	 	0.5,2,1	born_show	 	 	0	0	0|0	1,1,1	0
110102	阿修罗独角仙1阶（boss）	10101	1	1010	0	阿修罗独角仙	110101000	1	1	710101010	 	 	313101000	321101001	1005012	 	0.5,2,1	born_show	 	 	0	0	0|0	1,1,1	0
110111	无限昆布	10111	1	1011	0	无限昆布	110111000	1	1	710111010	 	 	313101100	321101101	1005012	 	0.5,2,1	born_show	 	 	0	0	0|0	1,1,1	0
110112	无限昆布（boss）	10111	1	1011	0	无限昆布	110111000	1	1	710111010	 	 	313101100	321101101	1005012	 	0.5,2,1	born_show	 	 	0	0	0|0	1,1,1	0
110131	古代王	10131	1	1013	0	古代王	110131000	3	2	710131010	 	 	313101300	321101301	1005012	 	0.5,2,1	born_show	 	 	0	0	0|0	1,1,1	1
110132	古代王召唤物-陨石	10131	1	1013	0	陨石	110132000	1	0	710131010	 	 	313101300	321101301	1005012	 	0.5,2,1	born_show	 	 	0	0	0|0	1,1,1	0
110141	天空王(旧）	10141	1	1014	0	天空王	110141000	1	1	710141010	 	 	313101400	321101401	1005012	 	0.5,2,1	born_show	 	 	2	2	60|-860	1,1,1	0
110142	天空王(boss）	10141	1	1014	0	天空王	110141000	1	1	710141010	 	 	313101400	321101401	1005012	 	0.5,2,1	born_show	 	 	2	2	60|-860	1,1,1	0
110151	格洛里巴斯	10151	1	1015	0	格洛里巴斯	110151000	1	1	710151010	 	 	313101500	321101501	1005012	 	0.5,2,1	born_show	 	 	2	2	60|-860	1,1,1	0
110152	格洛里巴斯（小怪大小）	10151	1	1015	0	格洛里巴斯	110151000	1	1	710151010	 	 	313101500	321101501	1005012	 	0.5,2,1	born_show	 	 	2	2	60|-860	1,1,1	0
110153	格洛里巴斯（boss）	10151	1	1015	0	格洛里巴斯	110151000	1	1	710151010	 	 	313101500	321101501	1005012	 	0.5,2,1	born_show	 	 	2	2	60|-860	1,1,1	0
110161	梅尔扎尔加尔德（梅鲁扎嘎鲁多）	10161	1	1016	0	梅尔扎尔加尔德	110161000	1	1	710161010	 	 	313101600	321101601	1005012	 	0.5,2,1	born_show	 	 	2	2	60|-860	1,1,1	0
110162	梅尔扎尔加尔德（boss）	10161	1	1016	0	梅尔扎尔加尔德	110161000	1	1	710161010	 	 	313101600	321101601	1005012	 	0.5,2,1	born_show	 	 	2	2	60|-860	1,1,1	0
110171	加鲁刚西普	10171	1	1017	0	加鲁刚西普	110171000	1	1	710171010	 	 	313101700	321101701	1005012	 	0.5,2,1	born_show	 	 	2	2	60|-860	1,1,1	0
110172	加鲁刚西普（boss）	10171	1	1017	0	加鲁刚西普	110171000	1	1	710171010	 	 	313101700	321101701	1005012	 	0.5,2,1	born_show	 	 	2	2	60|-860	1,1,1	0
110181	波罗斯	10181	1	1018	0	波罗斯	110181000	1	1	710181010	 	 	313101800	321101801	1005012	 	0.5,2,1	born_show	 	 	2	2	60|-860	1,1,1	0
110191	蛞蝓(旧）	10191	1	1019	0	蛞蝓	110191000	1	1	710191010	 	 	313101900	321101901	1005012	 	0.5,2,1	born_show	 	 	 	 	 	1,1,1	0
110192	巨大蛞蝓(旧）	10191	1	1019	0	巨大蛞蝓	110191000	1	1	710191010	 	 	313101900	321101901	1005012	 	0.5,2,1	born_show	 	 	 	 	 	1,1,1	0
110193	巨大蛞蝓2	10191	1	1019	0	巨大蛞蝓	110191000	2	1	710191010	 	 	313101900	321101901	1005012	 	0.5,2,1	born_show	 	 	 	 	 	1,1,1	0
110201	青蛙(旧）	10201	1	1020	0	青蛙	110201000	1	1	710201010	 	 	313102000	321102001	1005012	 	0.5,2,1	born_show	 	 	 	 	 	1,1,1	0
110202	巨大青蛙	10201	1	1020	0	巨大青蛙	110201000	1	1	710201010	 	 	313102000	321102001	1005012	 	0.5,2,1	born_show	 	 	 	 	 	1,1,1	0
110203	巨大青蛙2	10201	1	1020	0	巨大青蛙	110201000	2	1	710201010	 	 	313102000	321102001	1005012	 	0.5,2,1	born_show	 	 	 	 	 	1,1,1	0
110211	地底人(旧）	10211	1	1021	0	地底人	110211000	1	1	710211010	 	 	313102100	321102101	1005012	 	0.5,2,1	born_show	211021001,point_root,1,1	 	0	0	0|0	1,1,1	0
110212	巨大地底人	10211	1	1021	0	地底人	110211000	4	4	710211010	 	 	313102100	321102101	1005012	 	0.5,2,1	born_show	211021001,point_root,1,1	 	0	0	0|0	1,1,1	0
110121	深海王(旧）	10121	1	1012	0	深海王	110121000	1	1	710121010	 	 	313101200	321101201	1005012	 	0.5,2,1	born_show	 	 	2	3	210|-740	1,1,1	0
110122	深海王(小）	10121	1	1012	0	深海王	110121000	1	1	710121010	 	 	313101200	321101201	1005012	 	0.5,2,1	born_show	 	 	2	3	210|-740	1,1,1	0
110221	钉锤头(旧）	00401	1	0040	0	钉锤头	100401000	1	1	700401010	 	 	313004000	321004001	1005012	 	0.5,2,1	born_show	 	 	0	0	0|0	1,1,1	0
110231	深海族(旧）	10231	1	1023	0	深海族	110231000	1	1	710231010	 	 	313102300	321102301	1005012	 	0.5,2,1	born_show	 	 	0	0	0|0	1,1,1	0
110241	深海族2(旧）	10241	1	1024	0	深海族	110241000	1	1	710241010	 	 	313102400	321102401	1005012	 	0.5,2,1	born_show	 	 	 	 	 	1,1,1	0
110251	天空族(旧）	10251	1	1025	0	天空族	110251000	1	1	710251010	 	 	313102500	321102501	1005012	 	0.5,2,1	born_show	 	 	 	 	 	1,1,1	0
110252	天空族_蓝	10252	2	1025	2	天空族	110252000	1	1	710252011	 	 	313102500	321102501	1005012	 	0.5,2,1	born_show	 	 	 	 	 	1,1,1	0
110253	天空族_绿	10253	3	1025	3	天空族	110253000	1	1	710253010	 	 	313102500	321102501	1005012	 	0.5,2,1	born_show	 	 	 	 	 	1,1,1	0
110261	暗黑盗贼团员_一号	10261	1	1026	0	暗黑盗贼团员	110261000	1	1	710261010	 	 	313102600	321102601	1005012	 	0.5,2,1	born_show	 	 	 	 	 	1,1,1	0
110271	暗黑盗贼团员_二号	10271	1	1027	0	暗黑盗贼团员	110271000	1	1	710271010	 	 	313102700	321102701	1005012	 	0.5,2,1	born_show	 	 	 	 	 	1,1,1	0
110311	疫苗人二阶(旧）	10311	1	1031	0	疫苗人	110311000	1	1	710311010	 	 	313103100	321103101	1005012	 	0.5,2,1	born_show	 	 	 	 	 	1,1,1	0
110321	蚊子怪（旧）	10321	1	1032	0	蚊子	110321000	1	1	710321010	 	 	313103200	321103201	1005012	 	0.5,2,1	born_show	 	 	 	 	 	1,1,1	0
110331	梦境地底王	10331	1	1033	0	地底王	110331000	1	1	710331010	 	 	313103300	321103301	1005012	 	0.5,2,1	born_show	 	 	 	 	 	1,1,1	0
110332	梦境地底王（巨大）	10331	1	1033	0	地底王	110331000	2	2	710331010	 	 	313103300	321103301	1005012	 	0.5,2,1	born_show	 	 	 	 	 	1,1,1	0
110361	阿修罗独角仙2阶	10361	1	1036	0	阿修罗独角仙	110361000	1	1	710361010	 	 	313103600	321103601	1005012	 	0.5,2,1	born_show	 	 	0	0	0|0	1,1,1	0
110362	阿修罗独角仙2阶（boss）	10361	1	1036	0	阿修罗独角仙	110361000	1	1	710361010	 	 	313103600	321103601	1005012	 	0.5,2,1	born_show	 	 	0	0	0|0	1,1,1	0
110381	深海王二阶	10381	1	1038	0	深海王	110381000	1	1	710381010	 	 	313101200	321101201	1005012	 	0.5,2,1	born_show	 	 	 	 	 	1,1,1	0
110391	梅尔扎尔加尔德（单头）	10391	1	1039	0	梅尔扎尔加尔德	110391000	1	1	710391010	 	 	313101200	321101201	1005012	 	0.5,2,1	born_show	 	 	 	 	 	1,1,1	0
110401	波罗斯二阶	10401	1	1040	0	波罗斯	110401000	1	1	710401010	 	 	313104000	321104001	1005012	 	0.5,2,1	born_show	 	 	2	2	60|-860	1,1,1	0
110411	波罗斯三阶	10411	1	1041	0	波罗斯	110411000	1	1	710411010	 	 	313104100	321104101	1005012	 	0.5,2,1	born_show	 	 	2	2	60|-860	1,1,1	0
110431	桃源团员(旧）	10221	1	1022	0	桃源团员	110221000	1	1	710221010	 	 	313102200	321102201	1005012	 	0.5,2,1	born_show	 	 	0	0	0|0	1,1,1	0
110421	地底人_2(旧）	10421	1	1021	0	地底人	110211000	1	1	710421010	 	 	313102100	321102101	1005012	 	0.5,2,1	born_show	211021001,point_root,1,1	 	0	0	0|0	1,1,1	0
110432	桃源团员2(旧）	10431	1	1043	0	桃源团员	110431000	1	1	710431010	 	 	313104300	321104301	1005012	 	0.5,2,1	born_show	 	 	0	0	0|0	1,1,1	0
110341	蚊娘2阶(旧）	10341	1	1034	0	蚊娘	110341000	1	1	710341010	 	 	313103400	321103401	1005012	 	0.5,3,1.5	born_show	 	 	 	 	 	1,1,1	0
110342	蚊娘2阶(boss）	10341	1	1034	0	蚊娘	110341000	1	1	710341010	 	 	313103400	321103401	1005012	 	0.5,3,1.5	born_show	 	 	 	 	 	1,1,1	0
110461	基诺斯（战斗）	20051	1	2005	0	基诺斯	120051000	1	1	720051010	 	 	313200600	321200601	1005012	 	0.5,2,1	born_show	 	 	0	0	0|0	1,1,1	0
110471	陨石	10471	1	1047	0	陨石	110471000	1	1	710471010	 	 	313101300	321101301	1005012	 	0.5,2,1	born_show	 	 	0	0	0|0	1,1,1	0
190011	拳靶	90011	1	9001	0	拳靶	190011000	1	1	790011010	 	 	313200600	321200601	1005012	 	0.5,2,1	born_show	 	 	0	0	0|0	1,1,1	0
190041	电饭锅	90041	1	9004	0	电饭锅	190041000	1	1	790041010	 	 	313200600	321200601	1005012	 	0.18,0.51,0.15	born_show	 	 	0	0	0|0	1,1,1	0
190061	日历	90061	1	9006	0	日历	190061000	1	1	790061010	 	 	313200600	321200601	1005012	 	0.29,0.82,0.24	born_show	 	 	0	0	0|0	1,1,1	0
190071	埼玉玩具		1	9007	0	埼玉玩具	190071000	1	1	0	 	 	313200600	321200601	1005012	 	0.2,0.14,0	born_show	 	 	0	0	0|0	1,1,1	0
190091	电视		1	9009	0	电视	190091000	1	1	0	 	 	313200600	321200601	1005012	 	0.98,1.2,0.63	born_show	 	 	0	0	0|0	1,1,1	0
190101	埼玉睡衣		1	9013	0	埼玉睡衣	190131000	1	1	0	 	 	313200600	321200601	1005012	 	0.5,2,1	born_show	 	 	0	0	0|0	1,1,1	0
210141	天空王(旧）（全息）	10141	1	1014	0	天空王	110141001	1	1	710141010	 	 	313101400	321101401	1005012	 	0.5,2,1	born_show	 	 	 	 	 	1,1,1	0
210121	深海王(旧）（全息）	10121	1	1012	0	深海王	110121001	1	1	710121010	 	 	313101200	321101201	1005012	 	0.5,2,1	born_show	 	 	 	 	 	1,1,1	0
210041	现世地底王(旧）（全息）	10041	1	1004	0	现世地底王	110041001	2	1	710041010	 	 	313100400	321100401	1005012	 	0.5,2,1	born_show	 	 	 	 	 	1,1,1	0
210221	钉锤头(旧）（全息）	00401	1	0040	0	钉锤头	100401001	1	1	700401020	 	 	313004000	321004001	1005012	 	0.5,2,1	born_show	 	 	 	 	 	1,1,1	0
200391	音速索尼克（展示）（全息）	00391	1	0039	0	音速索尼克	100391001	1	1	700391010	 	 	313003900	321003901	1003912	 	0.5,2,1	born_show	 	 	 	 	 	1,1,1	0
2200911	猪神汉堡	2009	1	2010	0	猪神汉堡	120101000	1	1	720101010	 	 	313201000	321201001	0	 	 	 	 	 	 	 	 	1,1,1	0
310031	巨人(旧）（剧情）	10031	1	1003	0	巨人	110031000	1	1	710031030	 	 	313100300	321100301	1005012	 	0.8,4,2	born_show	 	 	 	 	 	1,1,1	0
310051	蚊娘1阶(旧）（剧情）	10051	1	1005	0	蚊娘	110051000	1	1	710051030	 	 	313100500	321100501	1005012	 	0.5,3,1.5	born_show	 	 	 	 	 	1,1,1	0
310071	土龙（剧情）	10071	1	1007	0	土龙	110071000	1	1	710071030	 	 	313100700	321100701	1005012	 	0.5,3,1.5	born_show	 	 	 	 	 	1,1,1	0
310081	装甲大猩猩大猩猩(旧）（剧情）	10081	1	1008	0	装甲大猩猩	110081000	1	1	710081030	 	 	313100800	321100801	1005012	 	0.5,3,1.5	born_show	 	 	 	 	 	1,1,1	0
310091	兽王（剧情）	10091	1	1009	0	兽王	110091000	1	1	710091030	 	 	313100900	321100901	1005012	 	0.5,3,1.5	born_show	 	 	 	 	 	1,1,1	0
310101	阿修罗独角仙1阶（剧情）	10101	1	1010	0	阿修罗独角仙	110101000	1	1	710101030	 	 	313101000	321101001	1005012	 	0.5,3,1.5	born_show	 	 	 	 	 	1,1,1	0
310191	土龙（剧情）	10191	1	1019	0	蛞蝓	110191000	1	1	710191030	 	 	313101900	321101901	1005012	 	0.5,3,1.5	born_show	 	 	 	 	 	1,1,1	0
310201	青蛙（剧情）	10201	1	1020	0	青蛙	110201000	1	1	710201030	 	 	313102000	321102001	1005012	 	0.5,3,1.5	born_show	 	 	 	 	 	1,1,1	0
310361	阿修罗独角仙2阶（剧情）	10361	1	1036	0	阿修罗独角仙	110361000	1	1	710361030	 	 	313103600	321103601	1005012	 	0.5,2,1	born_show	 	 	 	 	 	1,1,1	0
320071	巨人弟弟（剧情）	20071	1	2007	0	光头猩	120071000	1	1	720071030	 	 	313200700	321200701	0	 	0.5,2,1	born_show	 	 	0	0	0|0	1,1,1	0
320072	下巴男孩	20041	1	2004	0	小男孩	120041000	1	1	720041030	 	 	313200400	321100401	1005012	 	0.5,2,1	born_show	 	 	 	 	 	1,1,1	0
320073	小女孩	20031	1	2003	0	小女孩	120031000	1	1	720031030	 	 	313200300	321100301	1005012	 	0.5,2,1	born_show	 	 	 	 	 	1,1,1	0
3001111	闪电麦克斯（剧情1）	00111	1	0011	0	闪电麦克斯	100111000	1	1	700111010	 	 	313001100	321001101	1001111	shandianmax_win	0.5,2,1	idle_loop	 	 	3	0	-140|-1025	1,-210,-445	0
3001911	微笑超人（剧情1）	00191	1	0019	0	微笑超人	100191000	1	1	700191010	 	 	313001900	321001901	1001911	weixiaochaoren_win	0.5,2,1	idle_loop	 	 	2	0	-10|-875	1,-160,-450	0
3002811	无证骑士（剧情1）	00281	1	0028	0	无证骑士	100281000	1	1	700281010	 	 	313002800	321002801	1002811	wuzhengqishi_win	0.5,2,1	idle_loop	 	 	3	0	-240|-1060	1,-170,-450	0
3000131	埼玉_卤蛋头-剧情1	0001	3	0001	3	埼玉	100013000	1	1	700010301	 	 	317000001	321000103	1000131	qiyu_story1_win	0.5,2,1	born_show	 	 	 	 	 	1,1,1	0
3000111	埼玉_认真脸-剧情1	0001	1	0001	0	埼玉	100011000	1	1	700010301	 	 	313000100	321000101	1000131	qiyu_story1_win	0.5,2,1	born_show	 	 	 	 	 	1,1,1	0
3000132	埼玉_卤蛋头-剧情2	0001	3	0001	3	埼玉	100013000	1	1	700010302	 	 	317000001	321000103	1000131	qiyu_story2_win	0.5,2,1	born_show	 	 	 	 	 	1,1,1	0
3000133	埼玉_卤蛋头-剧情3	0001	2	0001	2	埼玉	100012000	1	1	700010303	 	 	313000102	321000102	1000131	qiyu_story3_win	0.5,2,1	born_show	 	 	 	 	 	1,1,1	0
3000134	埼玉_卤蛋头-剧情4	0001	3	0001	3	埼玉	100013000	1	1	700010304	 	 	317000001	321000103	1000131	qiyu_story2_win	0.5,2,1	born_show	 	 	 	 	 	1,1,1	0
3000114	埼玉_认真脸-剧情4	0001	1	0001	0	埼玉	100011000	1	1	700010304	 	 	313000100	321000101	1000131	qiyu_story2_win	0.5,2,1	born_show	 	 	 	 	 	1,1,1	0
3000135	埼玉_卤蛋头-剧情5	0001	3	0001	3	埼玉	100013000	1	1	700010305	 	 	317000001	321000103	1000131	qiyu_story2_win	0.5,2,1	born_show	 	 	 	 	 	1,1,1	0
3000115	埼玉_认真脸-剧情5	0001	1	0001	0	埼玉	100011000	1	1	700010305	 	 	313000100	321000101	1000131	qiyu_story2_win	0.5,2,1	born_show	 	 	 	 	 	1,1,1	0
3005011	杰诺斯-普通-剧情1	0050	1	0050	0	杰诺斯	100501000	1	1	700500301	 	 	313005000	321005001	1000131	qiyu_story1_win	0.5,2,1	born_show	 	 	 	 	 	1,1,1	0
3005012	杰诺斯-普通-剧情2	0050	1	0050	0	杰诺斯	100501000	1	1	700500301	 	 	313005000	321005001	1000131	qiyu_story2_win	0.5,2,1	born_show	 	 	 	 	 	1,1,1	0
3005013	杰诺斯-普通-剧情3	0050	1	0050	0	杰诺斯	100501000	1	1	700500303	 	 	313005000	321005001	1000131	qiyu_story2_win	0.5,2,1	born_show	 	 	 	 	 	1,1,1	0
3005014	杰诺斯-普通-剧情4	0050	1	0050	0	杰诺斯	100501000	1	1	700500304	 	 	313005000	321005001	1000131	qiyu_story2_win	0.5,2,1	born_show	 	 	 	 	 	1,1,1	0
3000136	埼玉_卤蛋头-剧情6	0001	3	0001	3	埼玉	100013000	1	1	700011040	 	 	317000001	321000103	1000131	battledialog_story6_qiyu_win	0.5,2,1	born_show	 	 	 	 	 	1,1,1	0
3003916	音速索尼克-剧情6	00391	1	0039	0	音速索尼克	100391000	1	1	700391010	 	 	313003900	321003901	1003911	battledialog_story6_suonike_win	0.5,2,1	born_show	 	 	3	0	-220|-950	1,-200,-445	0
3000137	埼玉_卤蛋头-剧情7	0001	3	0001	3	埼玉	100013000	1	1	700011040	 	 	317000001	321000103	1000131	battledialog_story7_2_jienuosi_win	0.5,2,1	born_show	 	 	 	 	 	1,1,1	0
3000117	埼玉_认真脸-剧情7	0001	1	0001	0	埼玉	100011000	1	1	700011040	 	 	313000100	321000101	1000131	battledialog_story7_2_jienuosi_win	0.5,2,1	born_show	 	 	 	 	 	1,1,1	0
3000128	埼玉睡衣_认真脸-剧情8	0001	2	0001	2	埼玉	100012000	1	1	700010308	 	 	313000102	321000102	1000131	battledialog_story8_1_qiyu_win	0.5,2,1	born_show	 	 	 	 	 	1,1,1	0
3003919	音速索尼克-剧情9	0039	1	0039	0	音速索尼克	100391000	1	1	700391010	 	 	313003900	321003901	1003911	suonike_story9_skill1	0.5,2,1	born_show	 	 	 	 	 	1,1,1	0
3000211	杰诺斯-武装-剧情11	0002	1	0002	0	杰诺斯	100021000	1	1	700021030	 	 	313000200	321000201	1001111	 	0.5,2,1	born_show	 	 	 	 	 	1,1,1	0
3101212	深海王-剧情12	1012	1	1012	0	深海王	110121000	1	1	710121010	 	 	313101200	321101201	1101211	shenhaiwang_story12_win	0.5,2,1	born_show	 	 	 	 	 	1,1,1	0
3001012	性感囚犯-剧情12	0009	1	0009	0	性感囚犯	100091000	1	1	700091010	 	 	313000900	321000901	1000911	 	0.5,2,1	born_show	 	 	 	 	 	1,1,1	0
3003912	索尼克-剧情12	0039	2	0039	2	音速索尼克	100392000	1	1	700392010	 	 	313003902	321003902	1003911	 	0.5,2,1	born_show	 	 	 	 	 	1,1,1	0
3103912	梅尔萨加德-剧情	1039	1	1039	0	梅尔扎尔加尔德	110391000	1	1	710391010	 	 	313103900	321103901	1103911	 	0.5,2,1	born_show	 	 	 	 	 	1,1,1	0
3000415	银色獠牙-剧情15	00041	1	0004	0	银色獠牙	100042000	1	1	700041010	 	 	313000400	321000401	1000411	yinseliaoya_story15_win	0.5,2,1	born_show	 	 	2	8	420|-670	1,35,-520	0
3000139	埼玉_卤蛋头-剧情15	0001	3	0001	3	埼玉	100013000	1	1	700011040	 	 	317000001	321000103	1000131	qiyu_story15_win	0.5,2,1	born_show	 	 	 	 	 	1,1,1	0
4000211	杰诺斯·武装（主城展示）	0002	1	0002	0	杰诺斯	100021000	1	1	700021020	 	 	313000200	321000201	0	 	 	 	 	 	 	 	 	1,1,1	0
4000311	战栗的龙卷（主城展示）	0003	1	0003	0	战栗的龙卷	100031000	1	1	700031020	 	 	313000300	321000301	0	 	 	 	 	 	 	 	 	1,1,1	0
4000321	战栗的龙卷（星月魔女主城展示）	0003	2	0003	2	战栗的龙卷	100032000	1	1	700032020	 	 	313000300	321000301	0	 	 	 	 	 	 	 	 	1,1,1	0
4000421	银色獠牙（主城展示）	0004	2	0004	2	银色獠牙	100042000	1	1	700041020	 	 	313000402	321000402	0	 	 	 	 	 	 	 	 	1,1,1	0
4000511	King（主城展示）	0005	1	0005	0	King	100051000	1	1	700051020	 	 	313000500	321000501	0	 	 	 	 	 	 	 	 	1,1,1	0
4000611	原子武士（主城展示）	0006	1	0006	0	原子武士	100061000	1	1	700061020	 	 	313000600	321000601	0	 	 	 	 	 	 	 	 	1,1,1	0
4000711	金属骑士（主城展示）	0007	1	0007	0	金属骑士	100071000	1	1	700071020	 	 	313000700	321000701	0	 	 	 	 	 	 	 	 	1,1,1	0
4000811	金属球棒（主城展示）	0008	1	0008	0	金属球棒	100081000	1	1	700081020	 	 	313000800	321000801	0	 	 	 	 	 	 	 	 	1,1,1	0
4000911	性感囚犯（主城展示）	0009	1	0009	0	性感囚犯	100091000	1	1	700091020	 	 	313000900	321000901	0	 	 	 	 	 	 	 	 	1,1,1	0
4001011	甜心假面（主城展示）	0010	1	0010	0	甜心假面	100101000	1	1	700101020	 	 	313001000	321001001	0	 	 	 	 	 	 	 	 	1,1,1	0
4001111	闪电麦克斯（主城展示）	0011	1	0011	0	闪电麦克斯	100111000	1	1	700111020	 	 	313001100	321001101	0	 	 	 	 	 	 	 	 	1,1,1	0
4001211	居合庵（主城展示）	0012	1	0012	0	居合庵	100121000	1	1	700121020	 	 	313001200	321001201	0	 	 	 	 	 	 	 	 	1,1,1	0
4001311	毒刺（主城展示）	0013	1	0013	0	毒刺	100131000	1	1	700131020	 	 	313001300	321001301	0	 	 	 	 	 	 	 	 	1,1,1	0
4001411	黄金球（主城展示）	0014	1	0014	0	黄金球	100141000	1	1	700141020	 	 	313001400	321001401	0	 	 	 	 	 	 	 	 	1,1,1	0
4001511	弹簧胡子（主城展示）	0015	1	0015	0	弹簧胡子	100151000	1	1	700151020	 	 	313001500	321001501	0	 	 	 	 	 	 	 	 	1,1,1	0
4001611	蛇咬拳斯奈克（主城展示）	0016	1	0016	0	蛇咬拳斯奈克	100161000	1	1	700161020	 	 	313001600	321001601	0	 	 	 	 	 	 	 	 	1,1,1	0
4001711	青焰（主城展示）	0017	1	0017	0	青焰	100171000	1	1	700171020	 	 	313001700	321001701	0	 	 	 	 	 	 	 	 	1,1,1	0
4001811	雷光源氏（主城展示）	0018	1	0018	0	雷光源氏	100181000	1	1	700181020	 	 	313001800	321001801	0	 	 	 	 	 	 	 	 	1,1,1	0
4001911	微笑超人（主城展示）	0019	1	0019	0	微笑超人	100191000	1	1	700191020	 	 	313001900	321001901	0	 	 	 	 	 	 	 	 	1,1,1	0
4002011	重型金刚（主城展示）	0020	1	0020	0	重型金刚	100201000	1	1	700201020	 	 	313002000	321002001	0	 	 	 	 	 	 	 	 	1,1,1	0
4002111	地狱的吹雪（主城展示）	0021	1	0021	0	地狱的吹雪	100211000	1	1	700211020	 	 	313002100	321002101	0	 	 	 	 	 	 	 	 	1,1,1	0
4002121	地狱的吹雪（圣诞节主城展示）	0021	2	0021	2	地狱的吹雪	100212000	1	1	700212020	 	 	313002102	321002102	0	 	 	 	 	 	 	 	 	1,1,1	0
4002211	冲天好小子（主城展示）	0022	1	0022	0	冲天好小子	100221000	1	1	700221020	 	 	313002200	321002201	0	 	 	 	 	 	 	 	 	1,1,1	0
4002311	背心黑洞（主城展示）	0023	1	0023	0	背心黑洞	100231000	1	1	700231020	 	 	313002300	321002301	0	 	 	 	 	 	 	 	 	1,1,1	0
4002411	睫毛（主城展示）	0024	1	0024	0	睫毛	100241000	1	1	700241020	 	 	313002400	321002401	0	 	 	 	 	 	 	 	 	1,1,1	0
4002511	山猿（主城展示）	0025	1	0025	0	山猿	100251000	1	1	700251020	 	 	313002500	321002501	0	 	 	 	 	 	 	 	 	1,1,1	0
4002611	三节棍莉莉（主城展示）	0026	1	0026	0	三节棍莉莉	100261000	1	1	700261020	 	 	313002600	321002601	0	 	 	 	 	 	 	 	 	1,1,1	0
4002711	蘑菇（主城展示）	0027	1	0027	0	蘑菇	100271000	1	1	700271020	 	 	313002700	321002701	0	 	 	 	 	 	 	 	 	1,1,1	0
4002811	无证骑士（主城展示）	0028	1	0028	0	无证骑士	100281000	1	1	700282020	 	 	313002800	321002801	0	 	 	 	 	 	 	 	 	1,1,1	0
4002911	背心猛虎（主城展示）	0029	1	0029	0	背心猛虎	100291000	1	1	700291020	 	 	313002900	321002901	0	 	 	 	 	 	 	 	 	1,1,1	0
4003011	大背头男（主城展示）	0030	1	0030	0	大背头男	100301000	1	1	700301020	 	 	313003000	321003001	0	 	 	 	 	 	 	 	 	1,1,1	0
4003111	嗡嗡侠（主城展示）	0031	1	0031	0	嗡嗡侠	100311000	1	1	700311020	 	 	313003100	321003101	0	 	 	 	 	 	 	 	 	1,1,1	0
4003211	十字键（主城展示）	0032	1	0032	0	十字键	100321000	1	1	700321020	 	 	313003200	321003201	0	 	 	 	 	 	 	 	 	1,1,1	0
4003311	电池侠（主城展示）	0033	1	0033	0	电池侠	100331000	1	1	700331020	 	 	313003300	321003301	0	 	 	 	 	 	 	 	 	1,1,1	0
4003411	装甲股长（主城展示）	0034	1	0034	0	装甲股长	100341000	1	1	700341020	 	 	313003400	321003401	0	 	 	 	 	 	 	 	 	1,1,1	0
4003511	丧服吊带裤（主城展示）	0035	1	0035	0	丧服吊带裤	100351000	1	1	700351020	 	 	313003500	321003501	0	 	 	 	 	 	 	 	 	1,1,1	0
4003611	防毒面具（主城展示）	0036	1	0036	0	防毒面具	100361000	1	1	700361020	 	 	313003600	321003601	0	 	 	 	 	 	 	 	 	1,1,1	0
4003711	乌马洪（主城展示）	0037	1	0037	0	乌马洪	100371000	1	1	700371020	 	 	313003700	321003701	0	 	 	 	 	 	 	 	 	1,1,1	0
4003811	火男面（主城展示）	0038	1	0038	0	火男面	100381000	1	1	700381020	 	 	313003800	321003801	0	 	 	 	 	 	 	 	 	1,1,1	0
4003911	音速索尼克（主城展示）	0039	1	0039	0	音速索尼克	100391000	1	1	700391020	 	 	313003900	321003901	0	 	 	 	 	 	 	 	 	1,1,1	0
4004011	钉锤头（主城展示）	0040	1	0040	0	钉锤头	100401000	1	1	700401020	 	 	313004000	321004001	0	 	 	 	 	 	 	 	 	1,1,1	0
4004111	茶岚子（主城展示）	0041	1	0041	0	茶岚子	100411000	1	1	700411020	 	 	313004100	321004101	0	 	 	 	 	 	 	 	 	1,1,1	0
4004211	超合金黑光（展示）	0042	1	0042	0	超合金黑光	100421000	1	1	700421020	 	 	313004200	321004201	0	 	 	 	 	 	 	 	 	1,1,1	0
4004311	猪神（展示）	0043	1	0043	0	猪神	100431000	1	1	700431020	 	 	313004300	321004301	0	 	 	 	 	 	 	 	 	1,1,1	0
4004511	僵尸男（展示）	0045	1	0045	0	僵尸男	100451000	1	1	700451020	 	 	313004500	321004501	0	 	 	 	 	 	 	 	 	1,1,1	0
4004711	背心尊者（展示）	0047	1	0047	0	背心尊者	100471000	1	1	700471020	 	 	313004700	321004701	0	 	 	 	 	 	 	 	 	1,1,1	0
4004811	闪光弗莱士（展示）	0048	1	0048	0	闪光弗莱士	100481000	1	1	700481020	 	 	313004800	321004801	0	 	 	 	 	 	 	 	 	1,1,1	0
4004911	警犬侠（展示）	0049	1	0049	0	警犬侠	100491000	1	1	700491020	 	 	313004900	321004901	0	 	 	 	 	 	 	 	 	1,1,1	0
4005011	杰诺斯（主城展示）	0050	1	0050	0	杰诺斯	100501000	1	1	700501020	 	 	313005000	321005001	0	 	 	 	 	 	 	 	 	1,1,1	0
4005021	杰诺斯（西装皮肤主城展示）	0050	2	0050	2	杰诺斯	100502000	1	1	700501020	 	 	313005000	321005001	0	 	 	 	 	 	 	 	 	1,1,1	0
4005111	桃源团成员A（主城展示）	0051	1	0051	0	桃源团成员A	100511000	1	1	700511020	 	 	313102200	321102201	0	 	 	 	 	 	 	 	 	1,1,1	0
4005211	桃源团成员B（主城展示）	0052	1	0052	0	桃源团成员B	100521000	1	1	700521020	 	 	313104300	321104301	0	 	 	 	 	 	 	 	 	1,1,1	0
4006011	蚊子女一阶（主城展示）	00601	1	0060	0	蚊子女	100601000	0	1	700601020	 	 	313100500	321100501	0	 	 	 	 	 	 	 	 	1,1,1	0
4006211	阿修罗独角仙1阶（主城展示）	00621	1	1010	0	阿修罗独角仙	110101000	0	1	700621020	 	 	313101000	321101001	0	 	 	 	 	 	 	 	 	1,1,1	0
4006411	装甲大猩猩（主城展示）	00641	1	1008	0	装甲大猩猩	110081000	0	1	700641020	 	 	313100800	321100801	0	 	 	 	 	 	 	 	 	1,1,1	0
4006511	兽王（主城展示）	00651	1	1009	0	兽王	110091000	0	1	700651020	 	 	313100900	321100901	0	 	 	 	 	 	 	 	 	1,1,1	0
4200111	工作人员_男（主城展示）	2001	1	2001	0	协会职员B	120011000	1	1	720011030	 	 	313200100	321200101	0	 	 	 	 	 	 	 	 	1,1,1	0
4200211	工作人员_女（主城展示）	2002	1	2002	0	协会职员A	120021000	1	1	720021030	 	 	313200200	321200201	0	 	 	 	 	 	 	 	 	1,1,1	0
4200911	关东煮老板（主城展示）	2009	1	2009	0	关东煮老板	120091000	1	1	720091030	 	 	313200900	321200901	0	 	 	 	 	 	 	 	 	1,1,1	0
5200111	工作人员_男（主线）	2001	1	2001	0	协会职员B	120011000	1	1	720011030	 	 	313200100	321200101	0	 	 	 	 	 	 	 	 	1,1,1	0
5200211	工作人员_女（主线）	2002	1	2002	0	协会职员A	120021000	1	1	720021030	 	 	313200200	321200201	0	 	 	 	 	 	 	 	 	1,1,1	0
6005011	杰诺斯（普通）（埼玉家）	00501	1	0050	0	杰诺斯	100501000	1	1	700501050	 	 	313005000	321005001	1005012	jienuosi2_win	0.5,2,1	born_show	 	 	2	6	-10|-865	1,1,1	0
6005013	杰诺斯（围裙）（埼玉家）	00501	3	0050	3	杰诺斯	100503000	1	1	700501050	 	 	313005000	321005001	1005012	jienuosi2_win	0.5,2,1	born_show	 	 	2	6	-10|-865	1,-445,-599	0
6000121	埼玉_埼玉家（睡衣）（卤蛋脸）（埼玉家）	00012	4	0001	4	埼玉	100014000	1	1	700012050	 	 	313000104	321000104	1000111	 	0.5,2,1	born_show	 	 	2	-4	-174|-349	1,1,1	0
6000421	银色獠牙（埼玉家）	0004	2	0004	2	银色獠牙	100042000	1	1	700041020	 	 	313000402	321000402	0	 	 	 	 	 	 	 	 	1,1,1	0
6000511	King（埼玉家）	0005	1	0005	0	King	100051000	1	1	700051020	 	 	313000500	321000501	0	 	 	 	 	 	 	 	 	1,1,1	0
6002111	地狱的吹雪（埼玉家）	0021	1	0021	0	地狱的吹雪	100211000	1	1	700211020	 	 	313002100	321002101	0	 	 	 	 	 	 	 	 	1,1,1	0
6004111	茶岚子（埼玉家）	0041	1	0041	0	茶岚子	100411000	1	1	700411020	 	 	313004100	321004101	0	 	 	 	 	 	 	 	 	1,1,1	0
7100211	螃蟹怪人（联络）	10021	1	1002	0	螃蟹怪人	110021000	1	1	710021010	 	 	313100200	321100201	1005012	 	0.5,2,1	born_show	 	 	 	 	 	1,1,1	0
9000111	埼玉	00011	1	0001	0	埼玉	100011000	1	1	700011090	 	 	313000100	321000101	1005012	 	0.5,2,1	born_show	 	 	 	 	 	1,1,1	0
9000112	埼玉（睡衣）	00011	2	0001	2	埼玉	100012000	1	1	700011090	 	 	313000102	321000102	1005012	 	0.5,2,1	born_show	 	 	 	 	 	1,1,1	0
9000113	埼玉（卤蛋）	00011	3	0001	3	埼玉	100013000	1	1	700011090	 	 	317000001	321000103	1005012	 	0.5,2,1	born_show	 	 	 	 	 	1,1,1	0
9000114	埼玉（睡衣卤蛋）	00011	4	0001	4	埼玉	100014000	1	1	700011090	 	 	313000104	321000104	1005012	 	0.5,2,1	born_show	 	 	 	 	 	1,1,1	0
9000211	杰诺斯·武装	00021	1	0002	0	杰诺斯	100021000	1	1	700021090	 	 	313000200	321000201	1005012	 	0.5,2,1	born_show	 	 	 	 	 	1,1,1	0
9000221	杰诺斯·武装	00021	2	0002	2	杰诺斯	100022000	1	1	700021090	 	 	313000200	321000201	1005012	 	0.5,2,1	born_show	 	 	 	 	 	1,1,1	0
9000311	战栗的龙卷	00031	1	0003	0	战栗的龙卷	100031000	1	1	700031090	 	 	313000300	321000301	1005012	 	0.5,2,1	born_show	 	 	 	 	 	1,1,1	0
9000411	银色獠牙	00041	1	0004	0	银色獠牙	100041000	1	1	700041090	 	 	313000400	321000401	1005012	 	0.5,2,1	born_show	 	 	 	 	 	1,1,1	0
9000421	银色獠牙	00041	2	0004	2	银色獠牙	100042000	1	1	700041090	 	 	313000400	321000401	1005012	 	0.5,2,1	born_show	 	 	 	 	 	1,1,1	0
9000511	King	00051	1	0005	0	King	100051000	1	1	700051090	 	 	313000500	321000501	1005012	 	0.5,2,1	born_show	 	 	 	 	 	1,1,1	0
9000611	原子武士	00061	1	0006	0	原子武士	100061000	1	1	700061090	 	 	313000600	321000601	1005012	 	0.5,2,1	born_show	 	 	 	 	 	1,1,1	0
9000711	金属骑士	00071	1	0007	0	金属骑士	100071000	1	1	700071090	 	 	313000700	321000701	1005012	 	0.5,2,1	born_show	 	 	 	 	 	1,1,1	0
9000811	金属球棒	00081	1	0008	0	金属球棒	100081000	1	1	700081090	 	 	313000800	321000801	1005012	 	0.5,2,1	born_show	 	 	 	 	 	1,1,1	0
9000911	性感囚犯	00091	1	0009	0	性感囚犯	100091000	1	1	700091090	 	 	313000900	321000901	1005012	 	0.5,2,1	born_show	 	 	 	 	 	1,1,1	0
9001011	甜心假面	00101	1	0010	0	甜心假面	100101000	1	1	700101090	 	 	313001000	321001001	1005012	 	0.5,2,1	born_show	 	 	 	 	 	1,1,1	0
9001111	闪电麦克斯	00111	1	0011	0	闪电麦克斯	100111000	1	1	700111090	 	 	313001100	321001101	1005012	 	0.5,2,1	born_show	 	 	 	 	 	1,1,1	0
9001211	居合庵	00121	1	0012	0	居合庵	100121000	1	1	700121090	 	 	313001200	321001201	1005012	 	0.5,2,1	born_show	 	 	 	 	 	1,1,1	0
9001311	毒刺	00131	1	0013	0	毒刺	100131000	1	1	700131090	 	 	313001300	321001301	1005012	 	0.5,2,1	born_show	 	 	 	 	 	1,1,1	0
9001411	黄金球	00141	1	0014	0	黄金球	100141000	1	1	700141090	 	 	313001400	321001401	1005012	 	0.5,2,1	born_show	 	 	 	 	 	1,1,1	0
9001511	弹簧胡子	00151	1	0015	0	弹簧胡子	100151000	1	1	700151090	 	 	313001500	321001501	1005012	 	0.5,2,1	born_show	 	 	 	 	 	1,1,1	0
9001611	蛇咬拳斯奈克	00161	1	0016	0	蛇咬拳斯奈克	100161000	1	1	700161090	 	 	313001600	321001601	1005012	 	0.5,2,1	born_show	 	 	 	 	 	1,1,1	0
9001711	青焰	00171	1	0017	0	青焰	100171000	1	1	700171090	 	 	313001700	321001701	1005012	 	0.5,2,1	born_show	 	 	 	 	 	1,1,1	0
9001811	雷光源氏	00181	1	0018	0	雷光源氏	100181000	0	1	700181090	 	 	313001800	321001801	1005012	 	0.5,2,1	born_show	 	 	 	 	 	1,1,1	0
9001911	微笑超人	00191	1	0019	0	微笑超人	100191000	1	1	700191090	 	 	313001900	321001901	1005012	 	0.5,2,1	born_show	 	 	 	 	 	1,1,1	0
9002011	重型金刚	00201	1	0020	0	重型金刚	100201000	1	1	700201090	 	 	313002000	321002001	1005012	 	0.5,2,1	born_show	 	 	 	 	 	1,1,1	0
9002111	地狱的吹雪	00211	1	0021	0	地狱的吹雪	100211000	1	1	700211090	 	 	313002100	321002101	1005012	 	0.5,2,1	born_show	 	 	 	 	 	1,1,1	0
9002211	冲天好小子	00221	1	0022	0	冲天好小子	100221000	1	1	700221090	 	 	313002200	321002201	1005012	 	0.5,2,1	born_show	 	 	 	 	 	1,1,1	0
9002311	背心黑洞	00231	1	0023	0	背心黑洞	100231000	1	1	700231090	 	 	313002300	321002301	1005012	 	0.5,2,1	born_show	 	 	 	 	 	1,1,1	0
9002411	睫毛	00241	1	0024	0	睫毛	100241000	1	1	700241090	 	 	313002400	321002401	1005012	 	0.5,2,1	born_show	 	 	 	 	 	1,1,1	0
9002511	山猿	00251	1	0025	0	山猿	100251000	1	1	700251090	 	 	313002500	321002501	1005012	 	0.5,2,1	born_show	 	 	 	 	 	1,1,1	0
9002611	三节棍莉莉	00261	1	0026	0	三节棍莉莉	100261000	1	1	700261090	 	 	313002600	321002601	1005012	 	0.5,2,1	born_show	 	 	 	 	 	1,1,1	0
9002711	蘑菇	00271	1	0027	0	蘑菇	100271000	1	1	700271090	 	 	313002700	321002701	1005012	 	0.5,2,1	born_show	 	 	 	 	 	1,1,1	0
9002811	无证骑士	00281	1	0028	0	无证骑士	100281000	1	1	700281090	 	 	313002800	321002801	1005012	 	0.5,2,1	born_show	 	 	 	 	 	1,1,1	0
9002911	背心猛虎	00291	1	0029	0	背心猛虎	100291000	1	1	700291090	 	 	313002900	321002901	1005012	 	0.5,2,1	born_show	 	 	 	 	 	1,1,1	0
9003011	大背头男	00301	1	0030	0	大背头男	100301000	1	1	700301090	 	 	313003000	321003001	1005012	 	0.5,2,1	born_show	 	 	 	 	 	1,1,1	0
9003111	嗡嗡侠	00311	1	0031	0	嗡嗡侠	100311000	1	1	700311090	 	 	313003100	321003101	1005012	 	0.5,2,1	born_show	 	 	 	 	 	1,1,1	0
9003211	十字键	00321	1	0032	0	十字键	100321000	1	1	700321090	 	 	313003200	321003201	1005012	 	0.5,2,1	born_show	 	 	 	 	 	1,1,1	0
9003311	电池侠	00331	1	0033	0	电池侠	100331000	1	1	700331090	 	 	313003300	321003301	1005012	 	0.5,2,1	born_show	 	 	 	 	 	1,1,1	0
9003411	装甲股长	00341	1	0034	0	装甲股长	100341000	1	1	700341090	 	 	313003400	321003401	1005012	 	0.5,2,1	born_show	 	 	 	 	 	1,1,1	0
9003511	丧服吊带裤	00351	1	0035	0	丧服吊带裤	100351000	1	1	700351090	 	 	313003500	321003501	1005012	 	0.5,2,1	born_show	 	 	 	 	 	1,1,1	0
9003611	防毒面具	00361	1	0036	0	臭鼬男孩防毒面具	100361000	1	1	700361090	 	 	313003600	321003601	1005012	 	0.5,2,1	born_show	 	 	 	 	 	1,1,1	0
9003711	乌马洪	00371	1	0037	0	乌马洪	100371000	1	1	700371090	 	 	313003700	321003701	1005012	 	0.5,2,1	born_show	 	 	 	 	 	1,1,1	0
9003811	火男面	00381	1	0038	0	火男面	100381000	1	1	700381090	 	 	313003800	321003801	1005012	 	0.5,2,1	born_show	 	 	 	 	 	1,1,1	0
9003911	音速索尼克	00391	1	0039	0	音速索尼克	100391000	1	1	700391090	 	 	313003900	321003901	1005012	 	0.5,2,1	born_show	 	 	 	 	 	1,1,1	0
9003921	音速索尼克（囚服）	00392	2	0039	2	音速索尼克	100392000	1	1	700392030	 	 	313003900	321003901	1005012	 	0.5,2,1	born_show	 	 	 	 	 	1,1,1	0
9004011	钉锤头	00401	1	0040	0	钉锤头	100401000	1	1	700401090	 	 	313004000	321004001	1005012	 	0.5,2,1	born_show	 	 	 	 	 	1,1,1	0
9004111	茶岚子	00411	1	0041	0	茶岚子	100411000	1	1	700411090	 	 	313004100	321004101	1005012	 	0.5,2,1	born_show	 	 	 	 	 	1,1,1	0
9004211	超合金黑光	00421	1	0042	0	超合金黑光	100421000	1	1	700421090	 	 	313004200	321004201	1005012	 	0.5,2,1	born_show	 	 	 	 	 	1,1,1	0
9004311	猪神	00431	1	0043	0	猪神	100431000	1	1	700431090	 	 	313004300	321004301	1005012	 	0.5,2,1	born_show	 	 	 	 	 	1,1,1	0
9004411	驱动骑士	00441	1	0044	0	驱动骑士	100441000	1	1	700441090	 	 	313004400	321004401	1005012	 	0.5,2,1	born_show	 	 	 	 	 	1,1,1	0
9004511	僵尸男	00451	1	0045	0	僵尸男	100451000	1	1	700451090	 	 	313004500	321004501	1005012	 	0.5,2,1	born_show	 	 	 	 	 	1,1,1	0
9004611	童帝	00461	1	0046	0	童帝	100461000	1	1	700461090	 	 	313004600	321004601	1005012	 	0.5,2,1	born_show	 	 	 	 	 	1,1,1	0
9004711	背心尊者	00471	1	0047	0	背心尊者	100471000	1	1	700471090	 	 	313004700	321004701	1005012	 	0.5,2,1	born_show	 	 	 	 	 	1,1,1	0
9004811	闪光的弗莱士	00481	1	0048	0	闪光的弗莱士	100481000	1	1	700481090	 	 	313004800	321004801	1005012	 	0.5,2,1	born_show	 	 	 	 	 	1,1,1	0
9004911	警犬侠	00491	1	0049	0	警犬侠	100491000	1	1	700491090	 	 	313004900	321004901	1005012	 	0.5,2,1	born_show	 	 	 	 	 	1,1,1	0
9005011	杰诺斯	00501	1	0050	0	杰诺斯	100501000	1	1	700501090	 	 	313005000	321005001	1005012	 	0.5,2,1	born_show	 	 	 	 	 	1,1,1	0
9100111	疫苗人	10011	1	1001	0	疫苗人	110011000	1	1	710011090	 	 	313100100	321100101	1005012	 	0.5,2,1	born_show	 	 	 	 	 	1,1,1	0
9100211	螃蟹怪人（螃蟹怪人）	10021	1	1002	0	螃蟹怪人	110021000	1	1	710021090	 	 	313100200	321100201	1005012	 	0.5,2,1	born_show	 	 	 	 	 	1,1,1	0
9100212	螃蟹怪人（剧情）	10021	1	1002	0	螃蟹怪人	110021000	1	1	710021030	 	 	313100200	321100201	1005012	 	0.8,4,2	born_show	 	 	 	 	 	1,1,1	0
9100213	螃蟹怪人（眼睛）	10022	2	1002	2	螃蟹怪人	110022000	1	1	710022030	 	 	313100202	321100202	1005012	 	0.8,4,2	born_show	 	 	 	 	 	1,1,1	0
9100311	光头猩（巨人）	10031	1	1003	0	光头猩	110031000	1	1	710031090	 	 	313100300	321100301	1005012	 	0.5,2,1	born_show	 	 	 	 	 	1,1,1	0
9100411	地底王_普通版	10041	1	1004	0	地底王	110041000	1	1	710041090	 	 	313100400	321100401	1005012	 	0.5,2,1	born_show	 	 	 	 	 	1,1,1	0
9100511	蚊娘1阶	10051	1	1005	0	蚊娘	110051000	1	1	710051090	 	 	313100500	321100501	1005012	 	0.5,2,1	born_show	 	 	 	 	 	1,1,1	0
9100521	蚊娘2阶	10052	2	1005	2	蚊娘	110052000	1	1	710052090	 	 	313100502	321100502	1005012	 	0.5,2,1	born_show	 	 	 	 	 	1,1,1	0
9100611	水银螳螂	10061	1	1006	0	水银螳螂	110061000	1	1	710061090	 	 	313100600	321100601	1005012	 	0.5,2,1	born_show	 	 	 	 	 	1,1,1	0
9100711	土龙	10071	1	1007	0	土龙	110071000	1	1	710071090	 	 	313100700	321100701	1005012	 	0.5,2,1	born_show	 	211007016,point_root,1,1	 	 	 	1,1,1	0
9100811	装甲猩猩	10081	1	1008	0	装甲猩猩	110081000	1	1	710081090	 	 	313100800	321100801	1005012	 	0.5,2,1	born_show	 	 	 	 	 	1,1,1	0
9100911	兽王	10091	1	1009	0	兽王	110091000	1	1	710091090	 	 	313100900	321100901	1005012	 	0.5,2,1	born_show	 	 	 	 	 	1,1,1	0
9101011	阿修罗独角仙	10101	1	1010	0	阿修罗独角仙	110101000	1	1	710101090	 	 	313101000	321101001	1005012	 	0.5,2,1	born_show	 	 	 	 	 	1,1,1	0
9101111	无限海带	10111	1	1011	0	无限昆布	110111000	1	1	710111090	 	 	313101100	321101101	1005013	 	0.5,2,1	born_show	 	 	 	 	 	1,1,1	0
9101211	深海王	10121	1	1012	0	深海王	110121000	1	1	710121090	 	 	313101200	321101201	1005012	 	0.5,2,1	born_show	 	 	 	 	 	1,1,1	0
9101411	天空王	10141	1	1014	0	天空王	110141000	1	1	710141090	 	 	313101400	321101401	1005012	 	0.5,2,1	born_show	 	 	 	 	 	1,1,1	0
9101511	格洛里巴斯	10151	1	1015	0	格洛里巴斯	110151000	1	1	710151090	 	 	313101500	321101501	1005012	 	0.5,2,1	born_show	 	 	 	 	 	1,1,1	0
9101611	梅尔扎尔加尔德	10161	1	1016	0	梅尔扎尔加尔德	110161000	1	1	710161090	 	 	313101600	321101601	1005012	 	0.5,2,1	born_show	 	 	 	 	 	1,1,1	0
9101711	加鲁刚西普	10171	1	1017	0	加鲁刚西普	110171000	1	1	710171090	 	 	313101700	321101701	1005012	 	0.5,2,1	born_show	 	 	 	 	 	1,1,1	0
9101811	波罗斯	10181	1	1018	0	波罗斯	110181000	1	1	710181090	 	 	313101800	321101801	1005012	 	0.5,2,1	born_show	 	 	 	 	 	1,1,1	0
9101911	进化之家-戏耍蛞蝓	10191	1	1019	0	戏耍蛞蝓	110191000	1	1	710191090	 	 	313101900	321101901	1005012	 	0.5,2,1	born_show	 	 	 	 	 	1,1,1	0
9102011	进化之家-蛙男	10201	1	1020	0	进化之家	110201000	1	1	710201090	 	 	313102000	321102001	1005012	 	0.5,2,1	born_show	 	 	 	 	 	1,1,1	0
9102111	地底人小怪_1	10211	1	1021	0	地底人	110211000	1	1	710211090	 	 	313102100	321102101	1005012	 	0.5,2,1	born_show	 	 	 	 	 	1,1,1	0
9102211	槌头小弟	10221	1	1022	0	桃源团员	110221000	1	1	710221090	 	 	313102200	321102201	1005012	 	0.5,2,1	born_show	 	 	 	 	 	1,1,1	0
9102311	深海族小怪_一号	10231	1	1023	0	深海族	110231000	1	1	710231090	 	 	313102300	321102301	1005012	 	0.5,2,1	born_show	 	 	 	 	 	1,1,1	0
9102411	深海族小怪_二号	10241	1	1024	0	深海族	110241000	1	1	710241090	 	 	313102400	321102401	1005012	 	0.5,2,1	born_show	 	 	 	 	 	1,1,1	0
9102511	天空王小怪_一号	10251	1	1025	0	天空王	110251000	1	1	710251090	 	 	313102500	321102501	1005012	 	0.5,2,1	born_show	 	 	 	 	 	1,1,1	0
9103111	疫苗人二阶	10311	1	1031	0	疫苗人	110311000	1	1	710311090	 	 	313103100	321103101	1005012	 	0.5,2,1	born_show	 	 	 	 	 	1,1,1	0
9103212	疫苗人二阶_召唤物	10321	1	1032	0	疫苗人	110321000	1	1	710321090	 	 	313103200	321103201	1005012	 	0.5,2,1	born_show	 	 	 	 	 	1,1,1	0
9103311	梦境地底王	10331	1	1033	0	地底王	110331000	1	1	710331010	 	 	313103300	321103301	1005012	 	0.5,2,1	born_show	 	 	 	 	 	1,1,1	0
9103611	阿修罗独角仙二阶	10361	1	1036	0	阿修罗独角仙	110361000	1	1	710361090	 	 	313103600	321103601	1005012	 	0.5,2,1	born_show	 	 	 	 	 	1,1,1	0
9103811	深海王二阶	10381	1	1038	0	深海王	110381000	1	1	710381030	 	 	313101200	321101201	1005012	 	0.5,2,1	born_show	 	 	 	 	 	1,1,1	0
9103911	梅尔扎尔加尔德二阶	10391	1	1039	0	梅尔扎尔加尔德	110391000	1	1	710391030	 	 	313101200	321101201	1005012	 	0.5,2,1	born_show	 	 	 	 	 	1,1,1	0
9104011	波罗斯二阶	10401	1	1040	0	波罗斯	110401000	1	1	710401030	 	 	313101200	321101201	1005012	 	0.5,2,1	born_show	 	 	 	 	 	1,1,1	0
9104111	波罗斯三阶	10411	1	1041	0	波罗斯	110411000	1	1	710411030	 	 	313101200	321101201	1005012	 	0.5,2,1	born_show	 	 	 	 	 	1,1,1	0
0	 	0	0	0	0	 	0	 	 	0	 	 	0	0	0	 	 	 	 	 	 	 	 	 	0
