id	description	type	school	grade	sequence	pos	suitIds	mainAttrPoolId	subAttrPoolId	subAttrUpgradePoolId	upgradeType	decomposeGold	decomposeDG	quality	lightAttrPoolId	
4101100	主核：幸运	4	1	1	100	0	1	1000	0	21000	1	3000	0	1	0
4101200	主核：幸运	4	1	1	200	0	1	2000	0	22000	2	3500	0	2	0
4101300	主核：幸运	4	1	1	300	0	1	3000	0	23000	3	4000	0	3	0
4101400	主核：幸运	4	1	1	400	0	1	4000	0	24000	4	4500	0	4	0
4101500	主核：幸运	4	1	1	500	0	1	5000	0	25000	5	5000	0	5	0
4102100	主核：聚能	4	1	2	100	0	2	1000	0	21000	1	3000	0	1	0
4102200	主核：聚能	4	1	2	200	0	2	2000	0	22000	2	3500	0	2	0
4102300	主核：聚能	4	1	2	300	0	2	3000	0	23000	3	4000	0	3	0
4102400	主核：聚能	4	1	2	400	0	2	4000	0	24000	4	4500	0	4	0
4102500	主核：聚能	4	1	2	500	0	2	5000	0	25000	5	5000	0	5	0
4103100	主核：窃夺	4	1	3	100	0	3	1000	0	21000	1	3000	0	1	0
4103200	主核：窃夺	4	1	3	200	0	3	2000	0	22000	2	3500	0	2	0
4103300	主核：窃夺	4	1	3	300	0	3	3000	0	23000	3	4000	0	3	0
4103400	主核：窃夺	4	1	3	400	0	3	4000	0	24000	4	4500	0	4	0
4103500	主核：窃夺	4	1	3	500	0	3	5000	0	25000	5	5000	0	5	0
4104100	主核：先制	4	1	4	100	0	4	1000	0	21000	1	3000	0	1	0
4104200	主核：先制	4	1	4	200	0	4	2000	0	22000	2	3500	0	2	0
4104300	主核：先制	4	1	4	300	0	4	3000	0	23000	3	4000	0	3	0
4104400	主核：先制	4	1	4	400	0	4	4000	0	24000	4	4500	0	4	0
4104500	主核：先制	4	1	4	500	0	4	5000	0	25000	5	5000	0	5	0
4105100	主核：共振	4	1	5	100	0	5	1000	0	21000	1	3000	0	1	0
4105200	主核：共振	4	1	5	200	0	5	2000	0	22000	2	3500	0	2	0
4105300	主核：共振	4	1	5	300	0	5	3000	0	23000	3	4000	0	3	0
4105400	主核：共振	4	1	5	400	0	5	4000	0	24000	4	4500	0	4	0
4105500	主核：共振	4	1	5	500	0	5	5000	0	25000	5	5000	0	5	0
4106100	主核：终结	4	1	6	100	0	6	1000	0	21000	1	3000	0	1	0
4106200	主核：终结	4	1	6	200	0	6	2000	0	22000	2	3500	0	2	0
4106300	主核：终结	4	1	6	300	0	6	3000	0	23000	3	4000	0	3	0
4106400	主核：终结	4	1	6	400	0	6	4000	0	24000	4	4500	0	4	0
4106500	主核：终结	4	1	6	500	0	6	5000	0	25000	5	5000	0	5	0
4107100	主核：破甲	4	1	7	100	0	7	1000	0	21000	1	3000	0	1	0
4107200	主核：破甲	4	1	7	200	0	7	2000	0	22000	2	3500	0	2	0
4107300	主核：破甲	4	1	7	300	0	7	3000	0	23000	3	4000	0	3	0
4107400	主核：破甲	4	1	7	400	0	7	4000	0	24000	4	4500	0	4	0
4107500	主核：破甲	4	1	7	500	0	7	5000	0	25000	5	5000	0	5	0
4108100	主核：坚韧	4	1	8	100	0	8	1000	0	21000	1	3000	0	1	0
4108200	主核：坚韧	4	1	8	200	0	8	2000	0	22000	2	3500	0	2	0
4108300	主核：坚韧	4	1	8	300	0	8	3000	0	23000	3	4000	0	3	0
4108400	主核：坚韧	4	1	8	400	0	8	4000	0	24000	4	4500	0	4	0
4108500	主核：坚韧	4	1	8	500	0	8	5000	0	25000	5	5000	0	5	0
4109100	主核：钢骨	4	1	9	100	0	9	1000	0	21000	1	3000	0	1	0
4109200	主核：钢骨	4	1	9	200	0	9	2000	0	22000	2	3500	0	2	0
4109300	主核：钢骨	4	1	9	300	0	9	3000	0	23000	3	4000	0	3	0
4109400	主核：钢骨	4	1	9	400	0	9	4000	0	24000	4	4500	0	4	0
4109500	主核：钢骨	4	1	9	500	0	9	5000	0	25000	5	5000	0	5	0
4110100	主核：不屈	4	1	10	100	0	10	1000	0	21000	1	3000	0	1	0
4110200	主核：不屈	4	1	10	200	0	10	2000	0	22000	2	3500	0	2	0
4110300	主核：不屈	4	1	10	300	0	10	3000	0	23000	3	4000	0	3	0
4110400	主核：不屈	4	1	10	400	0	10	4000	0	24000	4	4500	0	4	0
4110500	主核：不屈	4	1	10	500	0	10	5000	0	25000	5	5000	0	5	0
4111100	主核：磐石	4	1	11	100	0	11	1000	0	21000	1	3000	0	1	0
4111200	主核：磐石	4	1	11	200	0	11	2000	0	22000	2	3500	0	2	0
4111300	主核：磐石	4	1	11	300	0	11	3000	0	23000	3	4000	0	3	0
4111400	主核：磐石	4	1	11	400	0	11	4000	0	24000	4	4500	0	4	0
4111500	主核：磐石	4	1	11	500	0	11	5000	0	25000	5	5000	0	5	0
4112100	主核：激励	4	1	12	100	0	12	1000	0	21000	1	3000	0	1	0
4112200	主核：激励	4	1	12	200	0	12	2000	0	22000	2	3500	0	2	0
4112300	主核：激励	4	1	12	300	0	12	3000	0	23000	3	4000	0	3	0
4112400	主核：激励	4	1	12	400	0	12	4000	0	24000	4	4500	0	4	0
4112500	主核：激励	4	1	12	500	0	12	5000	0	25000	5	5000	0	5	0
4113100	主核：守护	4	1	13	100	0	13	1000	0	21000	1	3000	0	1	0
4113200	主核：守护	4	1	13	200	0	13	2000	0	22000	2	3500	0	2	0
4113300	主核：守护	4	1	13	300	0	13	3000	0	23000	3	4000	0	3	0
4113400	主核：守护	4	1	13	400	0	13	4000	0	24000	4	4500	0	4	0
4113500	主核：守护	4	1	13	500	0	13	5000	0	25000	5	5000	0	5	0
4114100	主核：爱	4	1	14	100	0	14	1000	0	21000	1	3000	0	1	0
4114200	主核：爱	4	1	14	200	0	14	2000	0	22000	2	3500	0	2	0
4114300	主核：爱	4	1	14	300	0	14	3000	0	23000	3	4000	0	3	0
4114400	主核：爱	4	1	14	400	0	14	4000	0	24000	4	4500	0	4	0
4114500	主核：爱	4	1	14	500	0	14	5000	0	25000	5	5000	0	5	0
4115100	主核：驱散	4	1	15	100	0	15	1000	0	21000	1	3000	0	1	0
4115200	主核：驱散	4	1	15	200	0	15	2000	0	22000	2	3500	0	2	0
4115300	主核：驱散	4	1	15	300	0	15	3000	0	23000	3	4000	0	3	0
4115400	主核：驱散	4	1	15	400	0	15	4000	0	24000	4	4500	0	4	0
4115500	主核：驱散	4	1	15	500	0	15	5000	0	25000	5	5000	0	5	0
4116100	主核：制衡	4	1	16	100	0	16	1000	0	21000	1	3000	0	1	0
4116200	主核：制衡	4	1	16	200	0	16	2000	0	22000	2	3500	0	2	0
4116300	主核：制衡	4	1	16	300	0	16	3000	0	23000	3	4000	0	3	0
4116400	主核：制衡	4	1	16	400	0	16	4000	0	24000	4	4500	0	4	0
4116500	主核：制衡	4	1	16	500	0	16	5000	0	25000	5	5000	0	5	0
4117100	主核：电极火花	4	1	17	100	0	17	1000	0	21000	1	3000	0	1	0
4117200	主核：电极火花	4	1	17	200	0	17	2000	0	22000	2	3500	0	2	0
4117300	主核：电极火花	4	1	17	300	0	17	3000	0	23000	3	4000	0	3	0
4117400	主核：电极火花	4	1	17	400	0	17	4000	0	24000	4	4500	0	4	0
4117500	主核：电极火花	4	1	17	500	0	17	5000	0	25000	5	5000	0	5	0
4118100	主核：热感扫描	4	1	18	100	0	18	1000	0	21000	1	3000	0	1	0
4118200	主核：热感扫描	4	1	18	200	0	18	2000	0	22000	2	3500	0	2	0
4118300	主核：热感扫描	4	1	18	300	0	18	3000	0	23000	3	4000	0	3	0
4118400	主核：热感扫描	4	1	18	400	0	18	4000	0	24000	4	4500	0	4	0
4118500	主核：热感扫描	4	1	18	500	0	18	5000	0	25000	5	5000	0	5	0
4119100	主核：意念冠冕	4	1	19	100	0	19	1000	0	21000	1	3000	0	1	0
4119200	主核：意念冠冕	4	1	19	200	0	19	2000	0	22000	2	3500	0	2	0
4119300	主核：意念冠冕	4	1	19	300	0	19	3000	0	23000	3	4000	0	3	0
4119400	主核：意念冠冕	4	1	19	400	0	19	4000	0	24000	4	4500	0	4	0
4119500	主核：意念冠冕	4	1	19	500	0	19	5000	0	25000	5	5000	0	5	0
4120100	主核：斗志绷带	4	1	20	100	0	20	1000	0	21000	1	3000	0	1	0
4120200	主核：斗志绷带	4	1	20	200	0	20	2000	0	22000	2	3500	0	2	0
4120300	主核：斗志绷带	4	1	20	300	0	20	3000	0	23000	3	4000	0	3	0
4120400	主核：斗志绷带	4	1	20	400	0	20	4000	0	24000	4	4500	0	4	0
4120500	主核：斗志绷带	4	1	20	500	0	20	5000	0	25000	5	5000	0	5	0
4121100	主核：格斗冠军	4	1	21	100	0	21	1000	0	21000	1	3000	0	1	0
4121200	主核：格斗冠军	4	1	21	200	0	21	2000	0	22000	2	3500	0	2	0
4121300	主核：格斗冠军	4	1	21	300	0	21	3000	0	23000	3	4000	0	3	0
4121400	主核：格斗冠军	4	1	21	400	0	21	4000	0	24000	4	4500	0	4	0
4121500	主核：格斗冠军	4	1	21	500	0	21	5000	0	25000	5	5000	0	5	0
4122100	主核：英雄狩猎	4	1	22	100	0	22	1000	0	21000	1	3000	0	1	0
4122200	主核：英雄狩猎	4	1	22	200	0	22	2000	0	22000	2	3500	0	2	0
4122300	主核：英雄狩猎	4	1	22	300	0	22	3000	0	23000	3	4000	0	3	0
4122400	主核：英雄狩猎	4	1	22	400	0	22	4000	0	24000	4	4500	0	4	0
4122500	主核：英雄狩猎	4	1	22	500	0	22	5000	0	25000	5	5000	0	5	0
4123500	主核：血源核心	4	1	23	500	0	23	319001	0	320001	5	5000	0	5	0
4124500	主核：暴走因子	4	1	24	500	0	24	5000	0	25000	5	5000	0	5	0
4125300	主核：冲锋号令	4	1	25	300	0	25	3000	0	23000	3	4000	0	3	0
4125400	主核：冲锋号令	4	1	25	400	0	25	4000	0	24000	4	4500	0	4	0
4125500	主核：冲锋号令	4	1	25	500	0	25	5000	0	25000	5	5000	0	5	0
4126300	主核：烟雾屏障	4	1	26	300	0	26	3000	0	23000	3	4000	0	3	0
4126400	主核：烟雾屏障	4	1	26	400	0	26	4000	0	24000	4	4500	0	4	0
4126500	主核：烟雾屏障	4	1	26	500	0	26	5000	0	25000	5	5000	0	5	0
4127500	主核：爆破飞镖	4	1	27	500	0	27	5000	0	25000	5	5000	0	5	0
4128500	主核：重型杠铃	4	1	28	500	0	28	5000	0	25000	5	5000	0	5	0
4129500	主核：闪光发卡	4	1	29	500	0	29	5000	0	25000	5	5000	0	5	0
4201100	 	4	2	1	100	1	1	0	0	0	1	3000	0	1	0
4201200	 	4	2	1	200	1	1	0	0	0	2	3500	0	2	0
4201300	 	4	2	1	300	1	1	0	0	0	3	4000	0	3	0
4201400	 	4	2	1	400	1	1	0	0	0	4	4500	0	4	0
4201500	 	4	2	1	500	1	1	0	0	0	5	5000	0	5	0
4301100	 	4	3	1	100	2	1	0	0	0	1	3000	0	1	0
4301200	 	4	3	1	200	2	1	0	0	0	2	3500	0	2	0
4301300	 	4	3	1	300	2	1	0	0	0	3	4000	0	3	0
4301400	 	4	3	1	400	2	1	0	0	0	4	4500	0	4	0
4301500	 	4	3	1	500	2	1	0	0	0	5	5000	0	5	0
4401100	 	4	4	1	100	3	1	0	0	0	1	3000	0	1	0
4401200	 	4	4	1	200	3	1	0	0	0	2	3500	0	2	0
4401300	 	4	4	1	300	3	1	0	0	0	3	4000	0	3	0
4401400	 	4	4	1	400	3	1	0	0	0	4	4500	0	4	0
4401500	 	4	4	1	500	3	1	0	0	0	5	5000	0	5	0
4202100	 	4	2	2	100	1	2	0	0	0	1	3000	0	1	0
4202200	 	4	2	2	200	1	2	0	0	0	2	3500	0	2	0
4202300	 	4	2	2	300	1	2	0	0	0	3	4000	0	3	0
4202400	 	4	2	2	400	1	2	0	0	0	4	4500	0	4	0
4202500	 	4	2	2	500	1	2	0	0	0	5	5000	0	5	0
4302100	 	4	3	2	100	2	2	0	0	0	1	3000	0	1	0
4302200	 	4	3	2	200	2	2	0	0	0	2	3500	0	2	0
4302300	 	4	3	2	300	2	2	0	0	0	3	4000	0	3	0
4302400	 	4	3	2	400	2	2	0	0	0	4	4500	0	4	0
4302500	 	4	3	2	500	2	2	0	0	0	5	5000	0	5	0
4402100	 	4	4	2	100	3	2	0	0	0	1	3000	0	1	0
4402200	 	4	4	2	200	3	2	0	0	0	2	3500	0	2	0
4402300	 	4	4	2	300	3	2	0	0	0	3	4000	0	3	0
4402400	 	4	4	2	400	3	2	0	0	0	4	4500	0	4	0
4402500	 	4	4	2	500	3	2	0	0	0	5	5000	0	5	0
4203100	 	4	2	3	100	1	3	0	0	0	1	3000	0	1	0
4203200	 	4	2	3	200	1	3	0	0	0	2	3500	0	2	0
4203300	 	4	2	3	300	1	3	0	0	0	3	4000	0	3	0
4203400	 	4	2	3	400	1	3	0	0	0	4	4500	0	4	0
4203500	 	4	2	3	500	1	3	0	0	0	5	5000	0	5	0
4303100	 	4	3	3	100	2	3	0	0	0	1	3000	0	1	0
4303200	 	4	3	3	200	2	3	0	0	0	2	3500	0	2	0
4303300	 	4	3	3	300	2	3	0	0	0	3	4000	0	3	0
4303400	 	4	3	3	400	2	3	0	0	0	4	4500	0	4	0
4303500	 	4	3	3	500	2	3	0	0	0	5	5000	0	5	0
4403100	 	4	4	3	100	3	3	0	0	0	1	3000	0	1	0
4403200	 	4	4	3	200	3	3	0	0	0	2	3500	0	2	0
4403300	 	4	4	3	300	3	3	0	0	0	3	4000	0	3	0
4403400	 	4	4	3	400	3	3	0	0	0	4	4500	0	4	0
4403500	 	4	4	3	500	3	3	0	0	0	5	5000	0	5	0
4204100	 	4	2	4	100	1	4	0	0	0	1	3000	0	1	0
4204200	 	4	2	4	200	1	4	0	0	0	2	3500	0	2	0
4204300	 	4	2	4	300	1	4	0	0	0	3	4000	0	3	0
4204400	 	4	2	4	400	1	4	0	0	0	4	4500	0	4	0
4204500	 	4	2	4	500	1	4	0	0	0	5	5000	0	5	0
4304100	 	4	3	4	100	2	4	0	0	0	1	3000	0	1	0
4304200	 	4	3	4	200	2	4	0	0	0	2	3500	0	2	0
4304300	 	4	3	4	300	2	4	0	0	0	3	4000	0	3	0
4304400	 	4	3	4	400	2	4	0	0	0	4	4500	0	4	0
4304500	 	4	3	4	500	2	4	0	0	0	5	5000	0	5	0
4404100	 	4	4	4	100	3	4	0	0	0	1	3000	0	1	0
4404200	 	4	4	4	200	3	4	0	0	0	2	3500	0	2	0
4404300	 	4	4	4	300	3	4	0	0	0	3	4000	0	3	0
4404400	 	4	4	4	400	3	4	0	0	0	4	4500	0	4	0
4404500	 	4	4	4	500	3	4	0	0	0	5	5000	0	5	0
4205100	 	4	2	5	100	1	5	0	0	0	1	3000	0	1	0
4205101	共振：位置2_白_特殊1	4	2	5	101	1	5	311001	0	21000	1	3000	0	1	0
4205200	 	4	2	5	200	1	5	0	0	0	2	3500	0	2	0
4205300	 	4	2	5	300	1	5	0	0	0	3	4000	0	3	0
4205400	 	4	2	5	400	1	5	0	0	0	4	4500	0	4	0
4205500	 	4	2	5	500	1	5	0	0	0	5	5000	0	5	0
4205591	共振：位置2_橙_特殊1（测试用）	4	2	5	591	1	5	590001	0	25000	5	5000	0	5	0
4205592	共振：位置2_橙_特殊2（测试用）	4	2	5	592	1	5	5100	0	590002	5	5000	0	5	0
4305100	 	4	3	5	100	2	5	0	0	0	1	3000	0	1	0
4305200	 	4	3	5	200	2	5	0	0	0	2	3500	0	2	0
4305300	 	4	3	5	300	2	5	0	0	0	3	4000	0	3	0
4305400	 	4	3	5	400	2	5	0	0	0	4	4500	0	4	0
4305500	 	4	3	5	500	2	5	0	0	0	5	5000	0	5	0
4405100	 	4	4	5	100	3	5	0	0	0	1	3000	0	1	0
4405200	 	4	4	5	200	3	5	0	0	0	2	3500	0	2	0
4405300	 	4	4	5	300	3	5	0	0	0	3	4000	0	3	0
4405400	 	4	4	5	400	3	5	0	0	0	4	4500	0	4	0
4405500	 	4	4	5	500	3	5	0	0	0	5	5000	0	5	0
4206100	 	4	2	6	100	1	6	0	0	0	1	3000	0	1	0
4206200	 	4	2	6	200	1	6	0	0	0	2	3500	0	2	0
4206300	 	4	2	6	300	1	6	0	0	0	3	4000	0	3	0
4206400	 	4	2	6	400	1	6	0	0	0	4	4500	0	4	0
4206500	 	4	2	6	500	1	6	0	0	0	5	5000	0	5	0
4306100	 	4	3	6	100	2	6	0	0	0	1	3000	0	1	0
4306200	 	4	3	6	200	2	6	0	0	0	2	3500	0	2	0
4306300	 	4	3	6	300	2	6	0	0	0	3	4000	0	3	0
4306400	 	4	3	6	400	2	6	0	0	0	4	4500	0	4	0
4306500	 	4	3	6	500	2	6	0	0	0	5	5000	0	5	0
4406100	 	4	4	6	100	3	6	0	0	0	1	3000	0	1	0
4406200	 	4	4	6	200	3	6	0	0	0	2	3500	0	2	0
4406300	 	4	4	6	300	3	6	0	0	0	3	4000	0	3	0
4406400	 	4	4	6	400	3	6	0	0	0	4	4500	0	4	0
4406500	 	4	4	6	500	3	6	0	0	0	5	5000	0	5	0
4207100	 	4	2	7	100	1	7	0	0	0	1	3000	0	1	0
4207200	 	4	2	7	200	1	7	0	0	0	2	3500	0	2	0
4207300	 	4	2	7	300	1	7	0	0	0	3	4000	0	3	0
4207400	 	4	2	7	400	1	7	0	0	0	4	4500	0	4	0
4207500	 	4	2	7	500	1	7	0	0	0	5	5000	0	5	0
4307100	 	4	3	7	100	2	7	0	0	0	1	3000	0	1	0
4307200	 	4	3	7	200	2	7	0	0	0	2	3500	0	2	0
4307300	 	4	3	7	300	2	7	0	0	0	3	4000	0	3	0
4307400	 	4	3	7	400	2	7	0	0	0	4	4500	0	4	0
4307500	 	4	3	7	500	2	7	0	0	0	5	5000	0	5	0
4407100	 	4	4	7	100	3	7	0	0	0	1	3000	0	1	0
4407200	 	4	4	7	200	3	7	0	0	0	2	3500	0	2	0
4407300	 	4	4	7	300	3	7	0	0	0	3	4000	0	3	0
4407400	 	4	4	7	400	3	7	0	0	0	4	4500	0	4	0
4407500	 	4	4	7	500	3	7	0	0	0	5	5000	0	5	0
4208100	 	4	2	8	100	1	8	0	0	0	1	3000	0	1	0
4208200	 	4	2	8	200	1	8	0	0	0	2	3500	0	2	0
4208300	 	4	2	8	300	1	8	0	0	0	3	4000	0	3	0
4208400	 	4	2	8	400	1	8	0	0	0	4	4500	0	4	0
4208500	 	4	2	8	500	1	8	0	0	0	5	5000	0	5	0
4308100	 	4	3	8	100	2	8	0	0	0	1	3000	0	1	0
4308200	 	4	3	8	200	2	8	0	0	0	2	3500	0	2	0
4308300	 	4	3	8	300	2	8	0	0	0	3	4000	0	3	0
4308400	 	4	3	8	400	2	8	0	0	0	4	4500	0	4	0
4308500	 	4	3	8	500	2	8	0	0	0	5	5000	0	5	0
4408100	 	4	4	8	100	3	8	0	0	0	1	3000	0	1	0
4408200	 	4	4	8	200	3	8	0	0	0	2	3500	0	2	0
4408300	 	4	4	8	300	3	8	0	0	0	3	4000	0	3	0
4408400	 	4	4	8	400	3	8	0	0	0	4	4500	0	4	0
4408500	 	4	4	8	500	3	8	0	0	0	5	5000	0	5	0
4209100	 	4	2	9	100	1	9	0	0	0	1	3000	0	1	0
4209200	 	4	2	9	200	1	9	0	0	0	2	3500	0	2	0
4209300	 	4	2	9	300	1	9	0	0	0	3	4000	0	3	0
4209400	 	4	2	9	400	1	9	0	0	0	4	4500	0	4	0
4209500	 	4	2	9	500	1	9	0	0	0	5	5000	0	5	0
4309100	 	4	3	9	100	2	9	0	0	0	1	3000	0	1	0
4309101	钢骨：位置3_白_特殊1	4	3	9	101	2	9	312001	0	21000	1	3000	0	1	0
4309200	 	4	3	9	200	2	9	0	0	0	2	3500	0	2	0
4309300	 	4	3	9	300	2	9	0	0	0	3	4000	0	3	0
4309400	 	4	3	9	400	2	9	0	0	0	4	4500	0	4	0
4309500	 	4	3	9	500	2	9	0	0	0	5	5000	0	5	0
4409100	 	4	4	9	100	3	9	0	0	0	1	3000	0	1	0
4409200	 	4	4	9	200	3	9	0	0	0	2	3500	0	2	0
4409300	 	4	4	9	300	3	9	0	0	0	3	4000	0	3	0
4409400	 	4	4	9	400	3	9	0	0	0	4	4500	0	4	0
4409500	 	4	4	9	500	3	9	0	0	0	5	5000	0	5	0
4210100	 	4	2	10	100	1	10	0	0	0	1	3000	0	1	0
4210200	 	4	2	10	200	1	10	0	0	0	2	3500	0	2	0
4210300	 	4	2	10	300	1	10	0	0	0	3	4000	0	3	0
4210400	 	4	2	10	400	1	10	0	0	0	4	4500	0	4	0
4210500	 	4	2	10	500	1	10	0	0	0	5	5000	0	5	0
4310100	 	4	3	10	100	2	10	0	0	0	1	3000	0	1	0
4310200	 	4	3	10	200	2	10	0	0	0	2	3500	0	2	0
4310300	 	4	3	10	300	2	10	0	0	0	3	4000	0	3	0
4310400	 	4	3	10	400	2	10	0	0	0	4	4500	0	4	0
4310500	 	4	3	10	500	2	10	0	0	0	5	5000	0	5	0
4410100	 	4	4	10	100	3	10	0	0	0	1	3000	0	1	0
4410200	 	4	4	10	200	3	10	0	0	0	2	3500	0	2	0
4410300	 	4	4	10	300	3	10	0	0	0	3	4000	0	3	0
4410400	 	4	4	10	400	3	10	0	0	0	4	4500	0	4	0
4410500	 	4	4	10	500	3	10	0	0	0	5	5000	0	5	0
4211100	 	4	2	11	100	1	11	0	0	0	1	3000	0	1	0
4211200	 	4	2	11	200	1	11	0	0	0	2	3500	0	2	0
4211300	 	4	2	11	300	1	11	0	0	0	3	4000	0	3	0
4211400	 	4	2	11	400	1	11	0	0	0	4	4500	0	4	0
4211500	 	4	2	11	500	1	11	0	0	0	5	5000	0	5	0
4311100	 	4	3	11	100	2	11	0	0	0	1	3000	0	1	0
4311200	 	4	3	11	200	2	11	0	0	0	2	3500	0	2	0
4311300	 	4	3	11	300	2	11	0	0	0	3	4000	0	3	0
4311400	 	4	3	11	400	2	11	0	0	0	4	4500	0	4	0
4311500	 	4	3	11	500	2	11	0	0	0	5	5000	0	5	0
4411100	 	4	4	11	100	3	11	0	0	0	1	3000	0	1	0
4411200	 	4	4	11	200	3	11	0	0	0	2	3500	0	2	0
4411300	 	4	4	11	300	3	11	0	0	0	3	4000	0	3	0
4411400	 	4	4	11	400	3	11	0	0	0	4	4500	0	4	0
4411500	 	4	4	11	500	3	11	0	0	0	5	5000	0	5	0
4212100	 	4	2	12	100	1	12	0	0	0	1	3000	0	1	0
4212200	 	4	2	12	200	1	12	0	0	0	2	3500	0	2	0
4212300	 	4	2	12	300	1	12	0	0	0	3	4000	0	3	0
4212400	 	4	2	12	400	1	12	0	0	0	4	4500	0	4	0
4212500	 	4	2	12	500	1	12	0	0	0	5	5000	0	5	0
4312100	 	4	3	12	100	2	12	0	0	0	1	3000	0	1	0
4312200	 	4	3	12	200	2	12	0	0	0	2	3500	0	2	0
4312300	 	4	3	12	300	2	12	0	0	0	3	4000	0	3	0
4312400	 	4	3	12	400	2	12	0	0	0	4	4500	0	4	0
4312500	 	4	3	12	500	2	12	0	0	0	5	5000	0	5	0
4412100	 	4	4	12	100	3	12	0	0	0	1	3000	0	1	0
4412200	 	4	4	12	200	3	12	0	0	0	2	3500	0	2	0
4412300	 	4	4	12	300	3	12	0	0	0	3	4000	0	3	0
4412400	 	4	4	12	400	3	12	0	0	0	4	4500	0	4	0
4412500	 	4	4	12	500	3	12	0	0	0	5	5000	0	5	0
4213100	 	4	2	13	100	1	13	0	0	0	1	3000	0	1	0
4213200	 	4	2	13	200	1	13	0	0	0	2	3500	0	2	0
4213300	 	4	2	13	300	1	13	0	0	0	3	4000	0	3	0
4213400	 	4	2	13	400	1	13	0	0	0	4	4500	0	4	0
4213500	 	4	2	13	500	1	13	0	0	0	5	5000	0	5	0
4313100	 	4	3	13	100	2	13	0	0	0	1	3000	0	1	0
4313200	 	4	3	13	200	2	13	0	0	0	2	3500	0	2	0
4313300	 	4	3	13	300	2	13	0	0	0	3	4000	0	3	0
4313400	 	4	3	13	400	2	13	0	0	0	4	4500	0	4	0
4313500	 	4	3	13	500	2	13	0	0	0	5	5000	0	5	0
4413100	 	4	4	13	100	3	13	0	0	0	1	3000	0	1	0
4413200	 	4	4	13	200	3	13	0	0	0	2	3500	0	2	0
4413300	 	4	4	13	300	3	13	0	0	0	3	4000	0	3	0
4413400	 	4	4	13	400	3	13	0	0	0	4	4500	0	4	0
4413500	 	4	4	13	500	3	13	0	0	0	5	5000	0	5	0
4214100	 	4	2	14	100	1	14	0	0	0	1	3000	0	1	0
4214200	 	4	2	14	200	1	14	0	0	0	2	3500	0	2	0
4214300	 	4	2	14	300	1	14	0	0	0	3	4000	0	3	0
4214400	 	4	2	14	400	1	14	0	0	0	4	4500	0	4	0
4214500	 	4	2	14	500	1	14	0	0	0	5	5000	0	5	0
4314100	 	4	3	14	100	2	14	0	0	0	1	3000	0	1	0
4314200	 	4	3	14	200	2	14	0	0	0	2	3500	0	2	0
4314300	 	4	3	14	300	2	14	0	0	0	3	4000	0	3	0
4314400	 	4	3	14	400	2	14	0	0	0	4	4500	0	4	0
4314500	 	4	3	14	500	2	14	0	0	0	5	5000	0	5	0
4414100	 	4	4	14	100	3	14	0	0	0	1	3000	0	1	0
4414200	 	4	4	14	200	3	14	0	0	0	2	3500	0	2	0
4414300	 	4	4	14	300	3	14	0	0	0	3	4000	0	3	0
4414400	 	4	4	14	400	3	14	0	0	0	4	4500	0	4	0
4414500	 	4	4	14	500	3	14	0	0	0	5	5000	0	5	0
4215100	 	4	2	15	100	1	15	0	0	0	1	3000	0	1	0
4215200	 	4	2	15	200	1	15	0	0	0	2	3500	0	2	0
4215300	 	4	2	15	300	1	15	0	0	0	3	4000	0	3	0
4215400	 	4	2	15	400	1	15	0	0	0	4	4500	0	4	0
4215500	 	4	2	15	500	1	15	0	0	0	5	5000	0	5	0
4315100	 	4	3	15	100	2	15	0	0	0	1	3000	0	1	0
4315200	 	4	3	15	200	2	15	0	0	0	2	3500	0	2	0
4315300	 	4	3	15	300	2	15	0	0	0	3	4000	0	3	0
4315400	 	4	3	15	400	2	15	0	0	0	4	4500	0	4	0
4315500	 	4	3	15	500	2	15	0	0	0	5	5000	0	5	0
4415100	 	4	4	15	100	3	15	0	0	0	1	3000	0	1	0
4415200	 	4	4	15	200	3	15	0	0	0	2	3500	0	2	0
4415300	 	4	4	15	300	3	15	0	0	0	3	4000	0	3	0
4415400	 	4	4	15	400	3	15	0	0	0	4	4500	0	4	0
4415500	 	4	4	15	500	3	15	0	0	0	5	5000	0	5	0
4216100	 	4	2	16	100	1	16	0	0	0	1	3000	0	1	0
4216200	 	4	2	16	200	1	16	0	0	0	2	3500	0	2	0
4216300	 	4	2	16	300	1	16	0	0	0	3	4000	0	3	0
4216400	 	4	2	16	400	1	16	0	0	0	4	4500	0	4	0
4216500	 	4	2	16	500	1	16	0	0	0	5	5000	0	5	0
4316100	 	4	3	16	100	2	16	0	0	0	1	3000	0	1	0
4316200	 	4	3	16	200	2	16	0	0	0	2	3500	0	2	0
4316300	 	4	3	16	300	2	16	0	0	0	3	4000	0	3	0
4316400	 	4	3	16	400	2	16	0	0	0	4	4500	0	4	0
4316500	 	4	3	16	500	2	16	0	0	0	5	5000	0	5	0
4416100	 	4	4	16	100	3	16	0	0	0	1	3000	0	1	0
4416200	 	4	4	16	200	3	16	0	0	0	2	3500	0	2	0
4416300	 	4	4	16	300	3	16	0	0	0	3	4000	0	3	0
4416400	 	4	4	16	400	3	16	0	0	0	4	4500	0	4	0
4416500	 	4	4	16	500	3	16	0	0	0	5	5000	0	5	0
4217100	电极火花：位置2	4	2	17	100	1	17	1100	0	21000	1	3000	0	1	0
4217200	电极火花：位置2	4	2	17	200	1	17	2100	0	22000	2	3500	0	2	0
4217300	电极火花：位置2	4	2	17	300	1	17	3100	0	23000	3	4000	0	3	0
4217400	电极火花：位置2	4	2	17	400	1	17	4100	0	24000	4	4500	0	4	0
4217500	电极火花：位置2	4	2	17	500	1	17	5100	0	25000	5	5000	0	5	0
4317100	电极火花：位置3	4	3	17	100	2	17	1200	0	21000	1	3000	0	1	0
4317200	电极火花：位置3	4	3	17	200	2	17	2200	0	22000	2	3500	0	2	0
4317300	电极火花：位置3	4	3	17	300	2	17	3200	0	23000	3	4000	0	3	0
4317400	电极火花：位置3	4	3	17	400	2	17	4200	0	24000	4	4500	0	4	0
4317500	电极火花：位置3	4	3	17	500	2	17	5200	0	25000	5	5000	0	5	0
4417100	电极火花：位置4	4	4	17	100	3	17	1300	0	21000	1	3000	0	1	0
4417200	电极火花：位置4	4	4	17	200	3	17	2300	0	22000	2	3500	0	2	0
4417300	电极火花：位置4	4	4	17	300	3	17	3300	0	23000	3	4000	0	3	0
4417400	电极火花：位置4	4	4	17	400	3	17	4300	0	24000	4	4500	0	4	0
4417500	电极火花：位置4	4	4	17	500	3	17	5300	0	25000	5	5000	0	5	0
4218100	热感扫描：位置2	4	2	18	100	1	18	1100	0	21000	1	3000	0	1	0
4218200	热感扫描：位置2	4	2	18	200	1	18	2100	0	22000	2	3500	0	2	0
4218300	热感扫描：位置2	4	2	18	300	1	18	3100	0	23000	3	4000	0	3	0
4218400	热感扫描：位置2	4	2	18	400	1	18	4100	0	24000	4	4500	0	4	0
4218500	热感扫描：位置2	4	2	18	500	1	18	5100	0	25000	5	5000	0	5	0
4318100	热感扫描：位置3	4	3	18	100	2	18	1200	0	21000	1	3000	0	1	0
4318200	热感扫描：位置3	4	3	18	200	2	18	2200	0	22000	2	3500	0	2	0
4318300	热感扫描：位置3	4	3	18	300	2	18	3200	0	23000	3	4000	0	3	0
4318400	热感扫描：位置3	4	3	18	400	2	18	4200	0	24000	4	4500	0	4	0
4318500	热感扫描：位置3	4	3	18	500	2	18	5200	0	25000	5	5000	0	5	0
4418100	热感扫描：位置4	4	4	18	100	3	18	1300	0	21000	1	3000	0	1	0
4418200	热感扫描：位置4	4	4	18	200	3	18	2300	0	22000	2	3500	0	2	0
4418300	热感扫描：位置4	4	4	18	300	3	18	3300	0	23000	3	4000	0	3	0
4418400	热感扫描：位置4	4	4	18	400	3	18	4300	0	24000	4	4500	0	4	0
4418500	热感扫描：位置4	4	4	18	500	3	18	5300	0	25000	5	5000	0	5	0
4219100	意念冠冕：位置2	4	2	19	100	1	19	1100	0	21000	1	3000	0	1	0
4219200	意念冠冕：位置2	4	2	19	200	1	19	2100	0	22000	2	3500	0	2	0
4219300	意念冠冕：位置2	4	2	19	300	1	19	3100	0	23000	3	4000	0	3	0
4219400	意念冠冕：位置2	4	2	19	400	1	19	4100	0	24000	4	4500	0	4	0
4219500	意念冠冕：位置2	4	2	19	500	1	19	5100	0	25000	5	5000	0	5	0
4319100	意念冠冕：位置3	4	3	19	100	2	19	1200	0	21000	1	3000	0	1	0
4319200	意念冠冕：位置3	4	3	19	200	2	19	2200	0	22000	2	3500	0	2	0
4319300	意念冠冕：位置3	4	3	19	300	2	19	3200	0	23000	3	4000	0	3	0
4319400	意念冠冕：位置3	4	3	19	400	2	19	4200	0	24000	4	4500	0	4	0
4319500	意念冠冕：位置3	4	3	19	500	2	19	5200	0	25000	5	5000	0	5	0
4419100	意念冠冕：位置4	4	4	19	100	3	19	1300	0	21000	1	3000	0	1	0
4419200	意念冠冕：位置4	4	4	19	200	3	19	2300	0	22000	2	3500	0	2	0
4419300	意念冠冕：位置4	4	4	19	300	3	19	3300	0	23000	3	4000	0	3	0
4419400	意念冠冕：位置4	4	4	19	400	3	19	4300	0	24000	4	4500	0	4	0
4419500	意念冠冕：位置4	4	4	19	500	3	19	5300	0	25000	5	5000	0	5	0
4220100	斗志绷带：位置2	4	2	20	100	1	20	1100	0	21000	1	3000	0	1	0
4220200	斗志绷带：位置2	4	2	20	200	1	20	2100	0	22000	2	3500	0	2	0
4220300	斗志绷带：位置2	4	2	20	300	1	20	3100	0	23000	3	4000	0	3	0
4220400	斗志绷带：位置2	4	2	20	400	1	20	4100	0	24000	4	4500	0	4	0
4220500	斗志绷带：位置2	4	2	20	500	1	20	5100	0	25000	5	5000	0	5	0
4320100	斗志绷带：位置3	4	3	20	100	2	20	1200	0	21000	1	3000	0	1	0
4320200	斗志绷带：位置3	4	3	20	200	2	20	2200	0	22000	2	3500	0	2	0
4320300	斗志绷带：位置3	4	3	20	300	2	20	3200	0	23000	3	4000	0	3	0
4320400	斗志绷带：位置3	4	3	20	400	2	20	4200	0	24000	4	4500	0	4	0
4320500	斗志绷带：位置3	4	3	20	500	2	20	5200	0	25000	5	5000	0	5	0
4420100	斗志绷带：位置4	4	4	20	100	3	20	1300	0	21000	1	3000	0	1	0
4420200	斗志绷带：位置4	4	4	20	200	3	20	2300	0	22000	2	3500	0	2	0
4420300	斗志绷带：位置4	4	4	20	300	3	20	3300	0	23000	3	4000	0	3	0
4420400	斗志绷带：位置4	4	4	20	400	3	20	4300	0	24000	4	4500	0	4	0
4420500	斗志绷带：位置4	4	4	20	500	3	20	5300	0	25000	5	5000	0	5	0
4221100	格斗冠军：位置2	4	2	21	100	1	21	1100	0	21000	1	3000	0	1	0
4221200	格斗冠军：位置2	4	2	21	200	1	21	2100	0	22000	2	3500	0	2	0
4221300	格斗冠军：位置2	4	2	21	300	1	21	3100	0	23000	3	4000	0	3	0
4221400	格斗冠军：位置2	4	2	21	400	1	21	4100	0	24000	4	4500	0	4	0
4221500	格斗冠军：位置2	4	2	21	500	1	21	5100	0	25000	5	5000	0	5	0
4321100	格斗冠军：位置3	4	3	21	100	2	21	1200	0	21000	1	3000	0	1	0
4321200	格斗冠军：位置3	4	3	21	200	2	21	2200	0	22000	2	3500	0	2	0
4321300	格斗冠军：位置3	4	3	21	300	2	21	3200	0	23000	3	4000	0	3	0
4321400	格斗冠军：位置3	4	3	21	400	2	21	4200	0	24000	4	4500	0	4	0
4321500	格斗冠军：位置3	4	3	21	500	2	21	5200	0	25000	5	5000	0	5	0
4421100	格斗冠军：位置4	4	4	21	100	3	21	1300	0	21000	1	3000	0	1	0
4421200	格斗冠军：位置4	4	4	21	200	3	21	2300	0	22000	2	3500	0	2	0
4421300	格斗冠军：位置4	4	4	21	300	3	21	3300	0	23000	3	4000	0	3	0
4421400	格斗冠军：位置4	4	4	21	400	3	21	4300	0	24000	4	4500	0	4	0
4421500	格斗冠军：位置4	4	4	21	500	3	21	5300	0	25000	5	5000	0	5	0
4222100	英雄狩猎：位置2	4	2	22	100	1	22	1100	0	21000	1	3000	0	1	0
4222200	英雄狩猎：位置2	4	2	22	200	1	22	2100	0	22000	2	3500	0	2	0
4222300	英雄狩猎：位置2	4	2	22	300	1	22	3100	0	23000	3	4000	0	3	0
4222400	英雄狩猎：位置2	4	2	22	400	1	22	4100	0	24000	4	4500	0	4	0
4222500	英雄狩猎：位置2	4	2	22	500	1	22	5100	0	25000	5	5000	0	5	0
4322100	英雄狩猎：位置3	4	3	22	100	2	22	1200	0	21000	1	3000	0	1	0
4322200	英雄狩猎：位置3	4	3	22	200	2	22	2200	0	22000	2	3500	0	2	0
4322300	英雄狩猎：位置3	4	3	22	300	2	22	3200	0	23000	3	4000	0	3	0
4322400	英雄狩猎：位置3	4	3	22	400	2	22	4200	0	24000	4	4500	0	4	0
4322500	英雄狩猎：位置3	4	3	22	500	2	22	5200	0	25000	5	5000	0	5	0
4422100	英雄狩猎：位置4	4	4	22	100	3	22	1300	0	21000	1	3000	0	1	0
4422200	英雄狩猎：位置4	4	4	22	200	3	22	2300	0	22000	2	3500	0	2	0
4422300	英雄狩猎：位置4	4	4	22	300	3	22	3300	0	23000	3	4000	0	3	0
4422400	英雄狩猎：位置4	4	4	22	400	3	22	4300	0	24000	4	4500	0	4	0
4422500	英雄狩猎：位置4	4	4	22	500	3	22	5300	0	25000	5	5000	0	5	0
4223500	血源核心：位置21	4	2	23	500	1	23	313001	0	320001	5	5000	0	5	0
4223501	血源核心：位置22	4	2	23	501	1	23	314001	0	320001	5	5000	0	5	0
4323500	血源核心：位置31	4	3	23	500	2	23	315001	0	320001	5	5000	0	5	0
4323501	血源核心：位置32	4	3	23	501	2	23	316001	0	320001	5	5000	0	5	0
4423500	血源核心：位置41	4	4	23	500	3	23	317001	0	320001	5	5000	0	5	0
4423501	血源核心：位置42	4	4	23	501	3	23	318001	0	320001	5	5000	0	5	0
4224500	暴走因子：位置2	4	2	24	500	1	24	5100	0	25000	5	5000	0	5	0
4324500	暴走因子：位置3	4	3	24	500	2	24	5200	0	25000	5	5000	0	5	0
4424500	暴走因子：位置4	4	4	24	500	3	24	5300	0	25000	5	5000	0	5	0
4225300	冲锋号令：位置2	4	2	25	300	1	25	3100	0	23000	3	4000	0	3	0
4225400	冲锋号令：位置2	4	2	25	400	1	25	4100	0	24000	4	4500	0	4	0
4225500	冲锋号令：位置2	4	2	25	500	1	25	5100	0	25000	5	5000	0	5	0
4325300	冲锋号令：位置3	4	3	25	300	2	25	3200	0	23000	3	4000	0	3	0
4325400	冲锋号令：位置3	4	3	25	400	2	25	4200	0	24000	4	4500	0	4	0
4325500	冲锋号令：位置3	4	3	25	500	2	25	5200	0	25000	5	5000	0	5	0
4425300	冲锋号令：位置4	4	4	25	300	3	25	3300	0	23000	3	4000	0	3	0
4425400	冲锋号令：位置4	4	4	25	400	3	25	4300	0	24000	4	4500	0	4	0
4425500	冲锋号令：位置4	4	4	25	500	3	25	5300	0	25000	5	5000	0	5	0
4226300	烟雾屏障：位置2	4	2	26	300	1	26	3100	0	23000	3	4000	0	3	0
4226400	烟雾屏障：位置2	4	2	26	400	1	26	4100	0	24000	4	4500	0	4	0
4226500	烟雾屏障：位置2	4	2	26	500	1	26	5100	0	25000	5	5000	0	5	0
4326300	烟雾屏障：位置3	4	3	26	300	2	26	3200	0	23000	3	4000	0	3	0
4326400	烟雾屏障：位置3	4	3	26	400	2	26	4200	0	24000	4	4500	0	4	0
4326500	烟雾屏障：位置3	4	3	26	500	2	26	5200	0	25000	5	5000	0	5	0
4426300	烟雾屏障：位置4	4	4	26	300	3	26	3300	0	23000	3	4000	0	3	0
4426400	烟雾屏障：位置4	4	4	26	400	3	26	4300	0	24000	4	4500	0	4	0
4426500	烟雾屏障：位置4	4	4	26	500	3	26	5300	0	25000	5	5000	0	5	0
4227500	爆破飞镖：位置2	4	2	27	500	1	27	5100	0	25000	5	5000	0	5	0
4327500	爆破飞镖：位置3	4	3	27	500	2	27	5200	0	25000	5	5000	0	5	0
4427500	爆破飞镖：位置4	4	4	27	500	3	27	5300	0	25000	5	5000	0	5	0
4228500	重型杠铃：位置2	4	2	28	500	1	28	5100	0	25000	5	5000	0	5	0
4328500	重型杠铃：位置3	4	3	28	500	2	28	5200	0	25000	5	5000	0	5	0
4428500	重型杠铃：位置4	4	4	28	500	3	28	5300	0	25000	5	5000	0	5	0
4229500	闪光发卡：位置2	4	2	29	500	1	29	5100	0	25000	5	5000	0	5	0
4329500	闪光发卡：位置3	4	3	29	500	2	29	5200	0	25000	5	5000	0	5	0
4429500	闪光发卡：位置4	4	4	29	500	3	29	5300	0	25000	5	5000	0	5	0
4101110	主核：幸运	4	1	1	110	0	1	1000	0	21000	1	3000	0	1	0
4101210	主核：幸运	4	1	1	210	0	1	2000	0	22000	2	3500	0	2	0
4101310	主核：幸运	4	1	1	310	0	1	3000	0	23000	3	4000	0	3	3011
4101410	主核：幸运	4	1	1	410	0	1	4000	0	24000	4	4500	0	4	4011
4101510	主核：幸运	4	1	1	510	0	1	5000	0	25000	5	5000	0	5	5011
4102110	主核：聚能	4	1	2	110	0	2	1000	0	21000	1	3000	0	1	0
4102210	主核：聚能	4	1	2	210	0	2	2000	0	22000	2	3500	0	2	0
4102310	主核：聚能	4	1	2	310	0	2	3000	0	23000	3	4000	0	3	3011
4102410	主核：聚能	4	1	2	410	0	2	4000	0	24000	4	4500	0	4	4011
4102510	主核：聚能	4	1	2	510	0	2	5000	0	25000	5	5000	0	5	5011
4103110	主核：窃夺	4	1	3	110	0	3	1000	0	21000	1	3000	0	1	0
4103210	主核：窃夺	4	1	3	210	0	3	2000	0	22000	2	3500	0	2	0
4103310	主核：窃夺	4	1	3	310	0	3	3000	0	23000	3	4000	0	3	3011
4103410	主核：窃夺	4	1	3	410	0	3	4000	0	24000	4	4500	0	4	4011
4103510	主核：窃夺	4	1	3	510	0	3	5000	0	25000	5	5000	0	5	5011
4104110	主核：先制	4	1	4	110	0	4	1000	0	21000	1	3000	0	1	0
4104210	主核：先制	4	1	4	210	0	4	2000	0	22000	2	3500	0	2	0
4104310	主核：先制	4	1	4	310	0	4	3000	0	23000	3	4000	0	3	3010
4104410	主核：先制	4	1	4	410	0	4	4000	0	24000	4	4500	0	4	4010
4104510	主核：先制	4	1	4	510	0	4	5000	0	25000	5	5000	0	5	5010
4105110	主核：共振	4	1	5	110	0	5	1000	0	21000	1	3000	0	1	0
4105210	主核：共振	4	1	5	210	0	5	2000	0	22000	2	3500	0	2	0
4105310	主核：共振	4	1	5	310	0	5	3000	0	23000	3	4000	0	3	3010
4105410	主核：共振	4	1	5	410	0	5	4000	0	24000	4	4500	0	4	4010
4105510	主核：共振	4	1	5	510	0	5	5000	0	25000	5	5000	0	5	5010
4106110	主核：终结	4	1	6	110	0	6	1000	0	21000	1	3000	0	1	0
4106210	主核：终结	4	1	6	210	0	6	2000	0	22000	2	3500	0	2	0
4106310	主核：终结	4	1	6	310	0	6	3000	0	23000	3	4000	0	3	3010
4106410	主核：终结	4	1	6	410	0	6	4000	0	24000	4	4500	0	4	4010
4106510	主核：终结	4	1	6	510	0	6	5000	0	25000	5	5000	0	5	5010
4107110	主核：破甲	4	1	7	110	0	7	1000	0	21000	1	3000	0	1	0
4107210	主核：破甲	4	1	7	210	0	7	2000	0	22000	2	3500	0	2	0
4107310	主核：破甲	4	1	7	310	0	7	3000	0	23000	3	4000	0	3	3010
4107410	主核：破甲	4	1	7	410	0	7	4000	0	24000	4	4500	0	4	4010
4107510	主核：破甲	4	1	7	510	0	7	5000	0	25000	5	5000	0	5	5010
4108110	主核：坚韧	4	1	8	110	0	8	1000	0	21000	1	3000	0	1	0
4108210	主核：坚韧	4	1	8	210	0	8	2000	0	22000	2	3500	0	2	0
4108310	主核：坚韧	4	1	8	310	0	8	3000	0	23000	3	4000	0	3	3010
4108410	主核：坚韧	4	1	8	410	0	8	4000	0	24000	4	4500	0	4	4010
4108510	主核：坚韧	4	1	8	510	0	8	5000	0	25000	5	5000	0	5	5010
4109110	主核：钢骨	4	1	9	110	0	9	1000	0	21000	1	3000	0	1	0
4109210	主核：钢骨	4	1	9	210	0	9	2000	0	22000	2	3500	0	2	0
4109310	主核：钢骨	4	1	9	310	0	9	3000	0	23000	3	4000	0	3	3010
4109410	主核：钢骨	4	1	9	410	0	9	4000	0	24000	4	4500	0	4	4010
4109510	主核：钢骨	4	1	9	510	0	9	5000	0	25000	5	5000	0	5	5010
4110110	主核：不屈	4	1	10	110	0	10	1000	0	21000	1	3000	0	1	0
4110210	主核：不屈	4	1	10	210	0	10	2000	0	22000	2	3500	0	2	0
4110310	主核：不屈	4	1	10	310	0	10	3000	0	23000	3	4000	0	3	3011
4110410	主核：不屈	4	1	10	410	0	10	4000	0	24000	4	4500	0	4	4011
4110510	主核：不屈	4	1	10	510	0	10	5000	0	25000	5	5000	0	5	5011
4111110	主核：磐石	4	1	11	110	0	11	1000	0	21000	1	3000	0	1	0
4111210	主核：磐石	4	1	11	210	0	11	2000	0	22000	2	3500	0	2	0
4111310	主核：磐石	4	1	11	310	0	11	3000	0	23000	3	4000	0	3	3011
4111410	主核：磐石	4	1	11	410	0	11	4000	0	24000	4	4500	0	4	4011
4111510	主核：磐石	4	1	11	510	0	11	5000	0	25000	5	5000	0	5	5011
4112110	主核：激励	4	1	12	110	0	12	1000	0	21000	1	3000	0	1	0
4112210	主核：激励	4	1	12	210	0	12	2000	0	22000	2	3500	0	2	0
4112310	主核：激励	4	1	12	310	0	12	3000	0	23000	3	4000	0	3	3011
4112410	主核：激励	4	1	12	410	0	12	4000	0	24000	4	4500	0	4	4011
4112510	主核：激励	4	1	12	510	0	12	5000	0	25000	5	5000	0	5	5011
4113110	主核：守护	4	1	13	110	0	13	1000	0	21000	1	3000	0	1	0
4113210	主核：守护	4	1	13	210	0	13	2000	0	22000	2	3500	0	2	0
4113310	主核：守护	4	1	13	310	0	13	3000	0	23000	3	4000	0	3	3011
4113410	主核：守护	4	1	13	410	0	13	4000	0	24000	4	4500	0	4	4011
4113510	主核：守护	4	1	13	510	0	13	5000	0	25000	5	5000	0	5	5011
4114110	主核：爱	4	1	14	110	0	14	1000	0	21000	1	3000	0	1	0
4114210	主核：爱	4	1	14	210	0	14	2000	0	22000	2	3500	0	2	0
4114310	主核：爱	4	1	14	310	0	14	3000	0	23000	3	4000	0	3	3011
4114410	主核：爱	4	1	14	410	0	14	4000	0	24000	4	4500	0	4	4011
4114510	主核：爱	4	1	14	510	0	14	5000	0	25000	5	5000	0	5	5011
4115110	主核：驱散	4	1	15	110	0	15	1000	0	21000	1	3000	0	1	0
4115210	主核：驱散	4	1	15	210	0	15	2000	0	22000	2	3500	0	2	0
4115310	主核：驱散	4	1	15	310	0	15	3000	0	23000	3	4000	0	3	3011
4115410	主核：驱散	4	1	15	410	0	15	4000	0	24000	4	4500	0	4	4011
4115510	主核：驱散	4	1	15	510	0	15	5000	0	25000	5	5000	0	5	5011
4116110	主核：制衡	4	1	16	110	0	16	1000	0	21000	1	3000	0	1	0
4116210	主核：制衡	4	1	16	210	0	16	2000	0	22000	2	3500	0	2	0
4116310	主核：制衡	4	1	16	310	0	16	3000	0	23000	3	4000	0	3	3010
4116410	主核：制衡	4	1	16	410	0	16	4000	0	24000	4	4500	0	4	4010
4116510	主核：制衡	4	1	16	510	0	16	5000	0	25000	5	5000	0	5	5010
4117110	主核：电极火花	4	1	17	110	0	17	1000	0	21000	1	3000	0	1	0
4117210	主核：电极火花	4	1	17	210	0	17	2000	0	22000	2	3500	0	2	0
4117310	主核：电极火花	4	1	17	310	0	17	3000	0	23000	3	4000	0	3	3010
4117410	主核：电极火花	4	1	17	410	0	17	4000	0	24000	4	4500	0	4	4010
4117510	主核：电极火花	4	1	17	510	0	17	5000	0	25000	5	5000	0	5	5010
4118110	主核：热感扫描	4	1	18	110	0	18	1000	0	21000	1	3000	0	1	0
4118210	主核：热感扫描	4	1	18	210	0	18	2000	0	22000	2	3500	0	2	0
4118310	主核：热感扫描	4	1	18	310	0	18	3000	0	23000	3	4000	0	3	3010
4118410	主核：热感扫描	4	1	18	410	0	18	4000	0	24000	4	4500	0	4	4010
4118510	主核：热感扫描	4	1	18	510	0	18	5000	0	25000	5	5000	0	5	5010
4119110	主核：意念冠冕	4	1	19	110	0	19	1000	0	21000	1	3000	0	1	0
4119210	主核：意念冠冕	4	1	19	210	0	19	2000	0	22000	2	3500	0	2	0
4119310	主核：意念冠冕	4	1	19	310	0	19	3000	0	23000	3	4000	0	3	3010
4119410	主核：意念冠冕	4	1	19	410	0	19	4000	0	24000	4	4500	0	4	4010
4119510	主核：意念冠冕	4	1	19	510	0	19	5000	0	25000	5	5000	0	5	5010
4120110	主核：斗志绷带	4	1	20	110	0	20	1000	0	21000	1	3000	0	1	0
4120210	主核：斗志绷带	4	1	20	210	0	20	2000	0	22000	2	3500	0	2	0
4120310	主核：斗志绷带	4	1	20	310	0	20	3000	0	23000	3	4000	0	3	3011
4120410	主核：斗志绷带	4	1	20	410	0	20	4000	0	24000	4	4500	0	4	4011
4120510	主核：斗志绷带	4	1	20	510	0	20	5000	0	25000	5	5000	0	5	5011
4121110	主核：格斗冠军	4	1	21	110	0	21	1000	0	21000	1	3000	0	1	0
4121210	主核：格斗冠军	4	1	21	210	0	21	2000	0	22000	2	3500	0	2	0
4121310	主核：格斗冠军	4	1	21	310	0	21	3000	0	23000	3	4000	0	3	3010
4121410	主核：格斗冠军	4	1	21	410	0	21	4000	0	24000	4	4500	0	4	4010
4121510	主核：格斗冠军	4	1	21	510	0	21	5000	0	25000	5	5000	0	5	5010
4122110	主核：英雄狩猎	4	1	22	110	0	22	1000	0	21000	1	3000	0	1	0
4122210	主核：英雄狩猎	4	1	22	210	0	22	2000	0	22000	2	3500	0	2	0
4122310	主核：英雄狩猎	4	1	22	310	0	22	3000	0	23000	3	4000	0	3	3010
4122410	主核：英雄狩猎	4	1	22	410	0	22	4000	0	24000	4	4500	0	4	4010
4122510	主核：英雄狩猎	4	1	22	510	0	22	5000	0	25000	5	5000	0	5	5010
4124510	主核：暴走因子	4	1	24	510	0	24	5000	0	25000	5	5000	0	5	5010
4125310	主核：冲锋号令	4	1	25	310	0	25	3000	0	23000	3	4000	0	3	3010
4125410	主核：冲锋号令	4	1	25	410	0	25	4000	0	24000	4	4500	0	4	4010
4125510	主核：冲锋号令	4	1	25	510	0	25	5000	0	25000	5	5000	0	5	5010
4126310	主核：烟雾屏障	4	1	26	310	0	26	3000	0	23000	3	4000	0	3	3011
4126410	主核：烟雾屏障	4	1	26	410	0	26	4000	0	24000	4	4500	0	4	4011
4126510	主核：烟雾屏障	4	1	26	510	0	26	5000	0	25000	5	5000	0	5	5011
4127510	主核：爆破飞镖	4	1	27	510	0	27	5000	0	25000	5	5000	0	5	5010
4128510	主核：重型杠铃	4	1	28	510	0	28	5000	0	25000	5	5000	0	5	5011
4129510	主核：闪光发卡	4	1	29	510	0	29	5000	0	25000	5	5000	0	5	5010
4201110	 	4	2	1	110	1	1	0	0	0	1	3000	0	1	0
4201210	 	4	2	1	210	1	1	0	0	0	2	3500	0	2	0
4201310	 	4	2	1	310	1	1	0	0	0	3	4000	0	3	3011
4201410	 	4	2	1	410	1	1	0	0	0	4	4500	0	4	4011
4201510	 	4	2	1	510	1	1	0	0	0	5	5000	0	5	5011
4301110	 	4	3	1	110	2	1	0	0	0	1	3000	0	1	0
4301210	 	4	3	1	210	2	1	0	0	0	2	3500	0	2	0
4301310	 	4	3	1	310	2	1	0	0	0	3	4000	0	3	3011
4301410	 	4	3	1	410	2	1	0	0	0	4	4500	0	4	4011
4301510	 	4	3	1	510	2	1	0	0	0	5	5000	0	5	5011
4401110	 	4	4	1	110	3	1	0	0	0	1	3000	0	1	0
4401210	 	4	4	1	210	3	1	0	0	0	2	3500	0	2	0
4401310	 	4	4	1	310	3	1	0	0	0	3	4000	0	3	3011
4401410	 	4	4	1	410	3	1	0	0	0	4	4500	0	4	4011
4401510	 	4	4	1	510	3	1	0	0	0	5	5000	0	5	5011
4202110	 	4	2	2	110	1	2	0	0	0	1	3000	0	1	0
4202210	 	4	2	2	210	1	2	0	0	0	2	3500	0	2	0
4202310	 	4	2	2	310	1	2	0	0	0	3	4000	0	3	3011
4202410	 	4	2	2	410	1	2	0	0	0	4	4500	0	4	4011
4202510	 	4	2	2	510	1	2	0	0	0	5	5000	0	5	5011
4302110	 	4	3	2	110	2	2	0	0	0	1	3000	0	1	0
4302210	 	4	3	2	210	2	2	0	0	0	2	3500	0	2	0
4302310	 	4	3	2	310	2	2	0	0	0	3	4000	0	3	3011
4302410	 	4	3	2	410	2	2	0	0	0	4	4500	0	4	4011
4302510	 	4	3	2	510	2	2	0	0	0	5	5000	0	5	5011
4402110	 	4	4	2	110	3	2	0	0	0	1	3000	0	1	0
4402210	 	4	4	2	210	3	2	0	0	0	2	3500	0	2	0
4402310	 	4	4	2	310	3	2	0	0	0	3	4000	0	3	3011
4402410	 	4	4	2	410	3	2	0	0	0	4	4500	0	4	4011
4402510	 	4	4	2	510	3	2	0	0	0	5	5000	0	5	5011
4203110	 	4	2	3	110	1	3	0	0	0	1	3000	0	1	0
4203210	 	4	2	3	210	1	3	0	0	0	2	3500	0	2	0
4203310	 	4	2	3	310	1	3	0	0	0	3	4000	0	3	3011
4203410	 	4	2	3	410	1	3	0	0	0	4	4500	0	4	4011
4203510	 	4	2	3	510	1	3	0	0	0	5	5000	0	5	5011
4303110	 	4	3	3	110	2	3	0	0	0	1	3000	0	1	0
4303210	 	4	3	3	210	2	3	0	0	0	2	3500	0	2	0
4303310	 	4	3	3	310	2	3	0	0	0	3	4000	0	3	3011
4303410	 	4	3	3	410	2	3	0	0	0	4	4500	0	4	4011
4303510	 	4	3	3	510	2	3	0	0	0	5	5000	0	5	5011
4403110	 	4	4	3	110	3	3	0	0	0	1	3000	0	1	0
4403210	 	4	4	3	210	3	3	0	0	0	2	3500	0	2	0
4403310	 	4	4	3	310	3	3	0	0	0	3	4000	0	3	3011
4403410	 	4	4	3	410	3	3	0	0	0	4	4500	0	4	4011
4403510	 	4	4	3	510	3	3	0	0	0	5	5000	0	5	5011
4204110	 	4	2	4	110	1	4	0	0	0	1	3000	0	1	0
4204210	 	4	2	4	210	1	4	0	0	0	2	3500	0	2	0
4204310	 	4	2	4	310	1	4	0	0	0	3	4000	0	3	3010
4204410	 	4	2	4	410	1	4	0	0	0	4	4500	0	4	4010
4204510	 	4	2	4	510	1	4	0	0	0	5	5000	0	5	5010
4304110	 	4	3	4	110	2	4	0	0	0	1	3000	0	1	0
4304210	 	4	3	4	210	2	4	0	0	0	2	3500	0	2	0
4304310	 	4	3	4	310	2	4	0	0	0	3	4000	0	3	3010
4304410	 	4	3	4	410	2	4	0	0	0	4	4500	0	4	4010
4304510	 	4	3	4	510	2	4	0	0	0	5	5000	0	5	5010
4404110	 	4	4	4	110	3	4	0	0	0	1	3000	0	1	0
4404210	 	4	4	4	210	3	4	0	0	0	2	3500	0	2	0
4404310	 	4	4	4	310	3	4	0	0	0	3	4000	0	3	3010
4404410	 	4	4	4	410	3	4	0	0	0	4	4500	0	4	4010
4404510	 	4	4	4	510	3	4	0	0	0	5	5000	0	5	5010
4205110	 	4	2	5	110	1	5	0	0	0	1	3000	0	1	0
4205210	 	4	2	5	210	1	5	0	0	0	2	3500	0	2	0
4205310	 	4	2	5	310	1	5	0	0	0	3	4000	0	3	3010
4205410	 	4	2	5	410	1	5	0	0	0	4	4500	0	4	4010
4205510	 	4	2	5	510	1	5	0	0	0	5	5000	0	5	5010
4305110	 	4	3	5	110	2	5	0	0	0	1	3000	0	1	0
4305210	 	4	3	5	210	2	5	0	0	0	2	3500	0	2	0
4305310	 	4	3	5	310	2	5	0	0	0	3	4000	0	3	3010
4305410	 	4	3	5	410	2	5	0	0	0	4	4500	0	4	4010
4305510	 	4	3	5	510	2	5	0	0	0	5	5000	0	5	5010
4405110	 	4	4	5	110	3	5	0	0	0	1	3000	0	1	0
4405210	 	4	4	5	210	3	5	0	0	0	2	3500	0	2	0
4405310	 	4	4	5	310	3	5	0	0	0	3	4000	0	3	3010
4405410	 	4	4	5	410	3	5	0	0	0	4	4500	0	4	4010
4405510	 	4	4	5	510	3	5	0	0	0	5	5000	0	5	5010
4206110	 	4	2	6	110	1	6	0	0	0	1	3000	0	1	0
4206210	 	4	2	6	210	1	6	0	0	0	2	3500	0	2	0
4206310	 	4	2	6	310	1	6	0	0	0	3	4000	0	3	3010
4206410	 	4	2	6	410	1	6	0	0	0	4	4500	0	4	4010
4206510	 	4	2	6	510	1	6	0	0	0	5	5000	0	5	5010
4306110	 	4	3	6	110	2	6	0	0	0	1	3000	0	1	0
4306210	 	4	3	6	210	2	6	0	0	0	2	3500	0	2	0
4306310	 	4	3	6	310	2	6	0	0	0	3	4000	0	3	3010
4306410	 	4	3	6	410	2	6	0	0	0	4	4500	0	4	4010
4306510	 	4	3	6	510	2	6	0	0	0	5	5000	0	5	5010
4406110	 	4	4	6	110	3	6	0	0	0	1	3000	0	1	0
4406210	 	4	4	6	210	3	6	0	0	0	2	3500	0	2	0
4406310	 	4	4	6	310	3	6	0	0	0	3	4000	0	3	3010
4406410	 	4	4	6	410	3	6	0	0	0	4	4500	0	4	4010
4406510	 	4	4	6	510	3	6	0	0	0	5	5000	0	5	5010
4207110	 	4	2	7	110	1	7	0	0	0	1	3000	0	1	0
4207210	 	4	2	7	210	1	7	0	0	0	2	3500	0	2	0
4207310	 	4	2	7	310	1	7	0	0	0	3	4000	0	3	3010
4207410	 	4	2	7	410	1	7	0	0	0	4	4500	0	4	4010
4207510	 	4	2	7	510	1	7	0	0	0	5	5000	0	5	5010
4307110	 	4	3	7	110	2	7	0	0	0	1	3000	0	1	0
4307210	 	4	3	7	210	2	7	0	0	0	2	3500	0	2	0
4307310	 	4	3	7	310	2	7	0	0	0	3	4000	0	3	3010
4307410	 	4	3	7	410	2	7	0	0	0	4	4500	0	4	4010
4307510	 	4	3	7	510	2	7	0	0	0	5	5000	0	5	5010
4407110	 	4	4	7	110	3	7	0	0	0	1	3000	0	1	0
4407210	 	4	4	7	210	3	7	0	0	0	2	3500	0	2	0
4407310	 	4	4	7	310	3	7	0	0	0	3	4000	0	3	3010
4407410	 	4	4	7	410	3	7	0	0	0	4	4500	0	4	4010
4407510	 	4	4	7	510	3	7	0	0	0	5	5000	0	5	5010
4208110	 	4	2	8	110	1	8	0	0	0	1	3000	0	1	0
4208210	 	4	2	8	210	1	8	0	0	0	2	3500	0	2	0
4208310	 	4	2	8	310	1	8	0	0	0	3	4000	0	3	3010
4208410	 	4	2	8	410	1	8	0	0	0	4	4500	0	4	4010
4208510	 	4	2	8	510	1	8	0	0	0	5	5000	0	5	5010
4308110	 	4	3	8	110	2	8	0	0	0	1	3000	0	1	0
4308210	 	4	3	8	210	2	8	0	0	0	2	3500	0	2	0
4308310	 	4	3	8	310	2	8	0	0	0	3	4000	0	3	3010
4308410	 	4	3	8	410	2	8	0	0	0	4	4500	0	4	4010
4308510	 	4	3	8	510	2	8	0	0	0	5	5000	0	5	5010
4408110	 	4	4	8	110	3	8	0	0	0	1	3000	0	1	0
4408210	 	4	4	8	210	3	8	0	0	0	2	3500	0	2	0
4408310	 	4	4	8	310	3	8	0	0	0	3	4000	0	3	3010
4408410	 	4	4	8	410	3	8	0	0	0	4	4500	0	4	4010
4408510	 	4	4	8	510	3	8	0	0	0	5	5000	0	5	5010
4209110	 	4	2	9	110	1	9	0	0	0	1	3000	0	1	0
4209210	 	4	2	9	210	1	9	0	0	0	2	3500	0	2	0
4209310	 	4	2	9	310	1	9	0	0	0	3	4000	0	3	3010
4209410	 	4	2	9	410	1	9	0	0	0	4	4500	0	4	4010
4209510	 	4	2	9	510	1	9	0	0	0	5	5000	0	5	5010
4309110	 	4	3	9	110	2	9	0	0	0	1	3000	0	1	0
4309210	 	4	3	9	210	2	9	0	0	0	2	3500	0	2	0
4309310	 	4	3	9	310	2	9	0	0	0	3	4000	0	3	3010
4309410	 	4	3	9	410	2	9	0	0	0	4	4500	0	4	4010
4309510	 	4	3	9	510	2	9	0	0	0	5	5000	0	5	5010
4409110	 	4	4	9	110	3	9	0	0	0	1	3000	0	1	0
4409210	 	4	4	9	210	3	9	0	0	0	2	3500	0	2	0
4409310	 	4	4	9	310	3	9	0	0	0	3	4000	0	3	3010
4409410	 	4	4	9	410	3	9	0	0	0	4	4500	0	4	4010
4409510	 	4	4	9	510	3	9	0	0	0	5	5000	0	5	5010
4210110	 	4	2	10	110	1	10	0	0	0	1	3000	0	1	0
4210210	 	4	2	10	210	1	10	0	0	0	2	3500	0	2	0
4210310	 	4	2	10	310	1	10	0	0	0	3	4000	0	3	3011
4210410	 	4	2	10	410	1	10	0	0	0	4	4500	0	4	4011
4210510	 	4	2	10	510	1	10	0	0	0	5	5000	0	5	5011
4310110	 	4	3	10	110	2	10	0	0	0	1	3000	0	1	0
4310210	 	4	3	10	210	2	10	0	0	0	2	3500	0	2	0
4310310	 	4	3	10	310	2	10	0	0	0	3	4000	0	3	3011
4310410	 	4	3	10	410	2	10	0	0	0	4	4500	0	4	4011
4310510	 	4	3	10	510	2	10	0	0	0	5	5000	0	5	5011
4410110	 	4	4	10	110	3	10	0	0	0	1	3000	0	1	0
4410210	 	4	4	10	210	3	10	0	0	0	2	3500	0	2	0
4410310	 	4	4	10	310	3	10	0	0	0	3	4000	0	3	3011
4410410	 	4	4	10	410	3	10	0	0	0	4	4500	0	4	4011
4410510	 	4	4	10	510	3	10	0	0	0	5	5000	0	5	5011
4211110	 	4	2	11	110	1	11	0	0	0	1	3000	0	1	0
4211210	 	4	2	11	210	1	11	0	0	0	2	3500	0	2	0
4211310	 	4	2	11	310	1	11	0	0	0	3	4000	0	3	3011
4211410	 	4	2	11	410	1	11	0	0	0	4	4500	0	4	4011
4211510	 	4	2	11	510	1	11	0	0	0	5	5000	0	5	5011
4311110	 	4	3	11	110	2	11	0	0	0	1	3000	0	1	0
4311210	 	4	3	11	210	2	11	0	0	0	2	3500	0	2	0
4311310	 	4	3	11	310	2	11	0	0	0	3	4000	0	3	3011
4311410	 	4	3	11	410	2	11	0	0	0	4	4500	0	4	4011
4311510	 	4	3	11	510	2	11	0	0	0	5	5000	0	5	5011
4411110	 	4	4	11	110	3	11	0	0	0	1	3000	0	1	0
4411210	 	4	4	11	210	3	11	0	0	0	2	3500	0	2	0
4411310	 	4	4	11	310	3	11	0	0	0	3	4000	0	3	3011
4411410	 	4	4	11	410	3	11	0	0	0	4	4500	0	4	4011
4411510	 	4	4	11	510	3	11	0	0	0	5	5000	0	5	5011
4212110	 	4	2	12	110	1	12	0	0	0	1	3000	0	1	0
4212210	 	4	2	12	210	1	12	0	0	0	2	3500	0	2	0
4212310	 	4	2	12	310	1	12	0	0	0	3	4000	0	3	3011
4212410	 	4	2	12	410	1	12	0	0	0	4	4500	0	4	4011
4212510	 	4	2	12	510	1	12	0	0	0	5	5000	0	5	5011
4312110	 	4	3	12	110	2	12	0	0	0	1	3000	0	1	0
4312210	 	4	3	12	210	2	12	0	0	0	2	3500	0	2	0
4312310	 	4	3	12	310	2	12	0	0	0	3	4000	0	3	3011
4312410	 	4	3	12	410	2	12	0	0	0	4	4500	0	4	4011
4312510	 	4	3	12	510	2	12	0	0	0	5	5000	0	5	5011
4412110	 	4	4	12	110	3	12	0	0	0	1	3000	0	1	0
4412210	 	4	4	12	210	3	12	0	0	0	2	3500	0	2	0
4412310	 	4	4	12	310	3	12	0	0	0	3	4000	0	3	3011
4412410	 	4	4	12	410	3	12	0	0	0	4	4500	0	4	4011
4412510	 	4	4	12	510	3	12	0	0	0	5	5000	0	5	5011
4213110	 	4	2	13	110	1	13	0	0	0	1	3000	0	1	0
4213210	 	4	2	13	210	1	13	0	0	0	2	3500	0	2	0
4213310	 	4	2	13	310	1	13	0	0	0	3	4000	0	3	3011
4213410	 	4	2	13	410	1	13	0	0	0	4	4500	0	4	4011
4213510	 	4	2	13	510	1	13	0	0	0	5	5000	0	5	5011
4313110	 	4	3	13	110	2	13	0	0	0	1	3000	0	1	0
4313210	 	4	3	13	210	2	13	0	0	0	2	3500	0	2	0
4313310	 	4	3	13	310	2	13	0	0	0	3	4000	0	3	3011
4313410	 	4	3	13	410	2	13	0	0	0	4	4500	0	4	4011
4313510	 	4	3	13	510	2	13	0	0	0	5	5000	0	5	5011
4413110	 	4	4	13	110	3	13	0	0	0	1	3000	0	1	0
4413210	 	4	4	13	210	3	13	0	0	0	2	3500	0	2	0
4413310	 	4	4	13	310	3	13	0	0	0	3	4000	0	3	3011
4413410	 	4	4	13	410	3	13	0	0	0	4	4500	0	4	4011
4413510	 	4	4	13	510	3	13	0	0	0	5	5000	0	5	5011
4214110	 	4	2	14	110	1	14	0	0	0	1	3000	0	1	0
4214210	 	4	2	14	210	1	14	0	0	0	2	3500	0	2	0
4214310	 	4	2	14	310	1	14	0	0	0	3	4000	0	3	3011
4214410	 	4	2	14	410	1	14	0	0	0	4	4500	0	4	4011
4214510	 	4	2	14	510	1	14	0	0	0	5	5000	0	5	5011
4314110	 	4	3	14	110	2	14	0	0	0	1	3000	0	1	0
4314210	 	4	3	14	210	2	14	0	0	0	2	3500	0	2	0
4314310	 	4	3	14	310	2	14	0	0	0	3	4000	0	3	3011
4314410	 	4	3	14	410	2	14	0	0	0	4	4500	0	4	4011
4314510	 	4	3	14	510	2	14	0	0	0	5	5000	0	5	5011
4414110	 	4	4	14	110	3	14	0	0	0	1	3000	0	1	0
4414210	 	4	4	14	210	3	14	0	0	0	2	3500	0	2	0
4414310	 	4	4	14	310	3	14	0	0	0	3	4000	0	3	3011
4414410	 	4	4	14	410	3	14	0	0	0	4	4500	0	4	4011
4414510	 	4	4	14	510	3	14	0	0	0	5	5000	0	5	5011
4215110	 	4	2	15	110	1	15	0	0	0	1	3000	0	1	0
4215210	 	4	2	15	210	1	15	0	0	0	2	3500	0	2	0
4215310	 	4	2	15	310	1	15	0	0	0	3	4000	0	3	3011
4215410	 	4	2	15	410	1	15	0	0	0	4	4500	0	4	4011
4215510	 	4	2	15	510	1	15	0	0	0	5	5000	0	5	5011
4315110	 	4	3	15	110	2	15	0	0	0	1	3000	0	1	0
4315210	 	4	3	15	210	2	15	0	0	0	2	3500	0	2	0
4315310	 	4	3	15	310	2	15	0	0	0	3	4000	0	3	3011
4315410	 	4	3	15	410	2	15	0	0	0	4	4500	0	4	4011
4315510	 	4	3	15	510	2	15	0	0	0	5	5000	0	5	5011
4415110	 	4	4	15	110	3	15	0	0	0	1	3000	0	1	0
4415210	 	4	4	15	210	3	15	0	0	0	2	3500	0	2	0
4415310	 	4	4	15	310	3	15	0	0	0	3	4000	0	3	3011
4415410	 	4	4	15	410	3	15	0	0	0	4	4500	0	4	4011
4415510	 	4	4	15	510	3	15	0	0	0	5	5000	0	5	5011
4216110	 	4	2	16	110	1	16	0	0	0	1	3000	0	1	0
4216210	 	4	2	16	210	1	16	0	0	0	2	3500	0	2	0
4216310	 	4	2	16	310	1	16	0	0	0	3	4000	0	3	3010
4216410	 	4	2	16	410	1	16	0	0	0	4	4500	0	4	4010
4216510	 	4	2	16	510	1	16	0	0	0	5	5000	0	5	5010
4316110	 	4	3	16	110	2	16	0	0	0	1	3000	0	1	0
4316210	 	4	3	16	210	2	16	0	0	0	2	3500	0	2	0
4316310	 	4	3	16	310	2	16	0	0	0	3	4000	0	3	3010
4316410	 	4	3	16	410	2	16	0	0	0	4	4500	0	4	4010
4316510	 	4	3	16	510	2	16	0	0	0	5	5000	0	5	5010
4416110	 	4	4	16	110	3	16	0	0	0	1	3000	0	1	0
4416210	 	4	4	16	210	3	16	0	0	0	2	3500	0	2	0
4416310	 	4	4	16	310	3	16	0	0	0	3	4000	0	3	3010
4416410	 	4	4	16	410	3	16	0	0	0	4	4500	0	4	4010
4416510	 	4	4	16	510	3	16	0	0	0	5	5000	0	5	5010
4217110	电极火花：位置2	4	2	17	110	1	17	1100	0	21000	1	3000	0	1	0
4217210	电极火花：位置2	4	2	17	210	1	17	2100	0	22000	2	3500	0	2	0
4217310	电极火花：位置2	4	2	17	310	1	17	3100	0	23000	3	4000	0	3	3010
4217410	电极火花：位置2	4	2	17	410	1	17	4100	0	24000	4	4500	0	4	4010
4217510	电极火花：位置2	4	2	17	510	1	17	5100	0	25000	5	5000	0	5	5010
4317110	电极火花：位置3	4	3	17	110	2	17	1200	0	21000	1	3000	0	1	0
4317210	电极火花：位置3	4	3	17	210	2	17	2200	0	22000	2	3500	0	2	0
4317310	电极火花：位置3	4	3	17	310	2	17	3200	0	23000	3	4000	0	3	3010
4317410	电极火花：位置3	4	3	17	410	2	17	4200	0	24000	4	4500	0	4	4010
4317510	电极火花：位置3	4	3	17	510	2	17	5200	0	25000	5	5000	0	5	5010
4417110	电极火花：位置4	4	4	17	110	3	17	1300	0	21000	1	3000	0	1	0
4417210	电极火花：位置4	4	4	17	210	3	17	2300	0	22000	2	3500	0	2	0
4417310	电极火花：位置4	4	4	17	310	3	17	3300	0	23000	3	4000	0	3	3010
4417410	电极火花：位置4	4	4	17	410	3	17	4300	0	24000	4	4500	0	4	4010
4417510	电极火花：位置4	4	4	17	510	3	17	5300	0	25000	5	5000	0	5	5010
4218110	热感扫描：位置2	4	2	18	110	1	18	1100	0	21000	1	3000	0	1	0
4218210	热感扫描：位置2	4	2	18	210	1	18	2100	0	22000	2	3500	0	2	0
4218310	热感扫描：位置2	4	2	18	310	1	18	3100	0	23000	3	4000	0	3	3010
4218410	热感扫描：位置2	4	2	18	410	1	18	4100	0	24000	4	4500	0	4	4010
4218510	热感扫描：位置2	4	2	18	510	1	18	5100	0	25000	5	5000	0	5	5010
4318110	热感扫描：位置3	4	3	18	110	2	18	1200	0	21000	1	3000	0	1	0
4318210	热感扫描：位置3	4	3	18	210	2	18	2200	0	22000	2	3500	0	2	0
4318310	热感扫描：位置3	4	3	18	310	2	18	3200	0	23000	3	4000	0	3	3010
4318410	热感扫描：位置3	4	3	18	410	2	18	4200	0	24000	4	4500	0	4	4010
4318510	热感扫描：位置3	4	3	18	510	2	18	5200	0	25000	5	5000	0	5	5010
4418110	热感扫描：位置4	4	4	18	110	3	18	1300	0	21000	1	3000	0	1	0
4418210	热感扫描：位置4	4	4	18	210	3	18	2300	0	22000	2	3500	0	2	0
4418310	热感扫描：位置4	4	4	18	310	3	18	3300	0	23000	3	4000	0	3	3010
4418410	热感扫描：位置4	4	4	18	410	3	18	4300	0	24000	4	4500	0	4	4010
4418510	热感扫描：位置4	4	4	18	510	3	18	5300	0	25000	5	5000	0	5	5010
4219110	意念冠冕：位置2	4	2	19	110	1	19	1100	0	21000	1	3000	0	1	0
4219210	意念冠冕：位置2	4	2	19	210	1	19	2100	0	22000	2	3500	0	2	0
4219310	意念冠冕：位置2	4	2	19	310	1	19	3100	0	23000	3	4000	0	3	3010
4219410	意念冠冕：位置2	4	2	19	410	1	19	4100	0	24000	4	4500	0	4	4010
4219510	意念冠冕：位置2	4	2	19	510	1	19	5100	0	25000	5	5000	0	5	5010
4319110	意念冠冕：位置3	4	3	19	110	2	19	1200	0	21000	1	3000	0	1	0
4319210	意念冠冕：位置3	4	3	19	210	2	19	2200	0	22000	2	3500	0	2	0
4319310	意念冠冕：位置3	4	3	19	310	2	19	3200	0	23000	3	4000	0	3	3010
4319410	意念冠冕：位置3	4	3	19	410	2	19	4200	0	24000	4	4500	0	4	4010
4319510	意念冠冕：位置3	4	3	19	510	2	19	5200	0	25000	5	5000	0	5	5010
4419110	意念冠冕：位置4	4	4	19	110	3	19	1300	0	21000	1	3000	0	1	0
4419210	意念冠冕：位置4	4	4	19	210	3	19	2300	0	22000	2	3500	0	2	0
4419310	意念冠冕：位置4	4	4	19	310	3	19	3300	0	23000	3	4000	0	3	3010
4419410	意念冠冕：位置4	4	4	19	410	3	19	4300	0	24000	4	4500	0	4	4010
4419510	意念冠冕：位置4	4	4	19	510	3	19	5300	0	25000	5	5000	0	5	5010
4220110	斗志绷带：位置2	4	2	20	110	1	20	1100	0	21000	1	3000	0	1	0
4220210	斗志绷带：位置2	4	2	20	210	1	20	2100	0	22000	2	3500	0	2	0
4220310	斗志绷带：位置2	4	2	20	310	1	20	3100	0	23000	3	4000	0	3	3011
4220410	斗志绷带：位置2	4	2	20	410	1	20	4100	0	24000	4	4500	0	4	4011
4220510	斗志绷带：位置2	4	2	20	510	1	20	5100	0	25000	5	5000	0	5	5011
4320110	斗志绷带：位置3	4	3	20	110	2	20	1200	0	21000	1	3000	0	1	0
4320210	斗志绷带：位置3	4	3	20	210	2	20	2200	0	22000	2	3500	0	2	0
4320310	斗志绷带：位置3	4	3	20	310	2	20	3200	0	23000	3	4000	0	3	3011
4320410	斗志绷带：位置3	4	3	20	410	2	20	4200	0	24000	4	4500	0	4	4011
4320510	斗志绷带：位置3	4	3	20	510	2	20	5200	0	25000	5	5000	0	5	5011
4420110	斗志绷带：位置4	4	4	20	110	3	20	1300	0	21000	1	3000	0	1	0
4420210	斗志绷带：位置4	4	4	20	210	3	20	2300	0	22000	2	3500	0	2	0
4420310	斗志绷带：位置4	4	4	20	310	3	20	3300	0	23000	3	4000	0	3	3011
4420410	斗志绷带：位置4	4	4	20	410	3	20	4300	0	24000	4	4500	0	4	4011
4420510	斗志绷带：位置4	4	4	20	510	3	20	5300	0	25000	5	5000	0	5	5011
4221110	格斗冠军：位置2	4	2	21	110	1	21	1100	0	21000	1	3000	0	1	0
4221210	格斗冠军：位置2	4	2	21	210	1	21	2100	0	22000	2	3500	0	2	0
4221310	格斗冠军：位置2	4	2	21	310	1	21	3100	0	23000	3	4000	0	3	3010
4221410	格斗冠军：位置2	4	2	21	410	1	21	4100	0	24000	4	4500	0	4	4010
4221510	格斗冠军：位置2	4	2	21	510	1	21	5100	0	25000	5	5000	0	5	5010
4321110	格斗冠军：位置3	4	3	21	110	2	21	1200	0	21000	1	3000	0	1	0
4321210	格斗冠军：位置3	4	3	21	210	2	21	2200	0	22000	2	3500	0	2	0
4321310	格斗冠军：位置3	4	3	21	310	2	21	3200	0	23000	3	4000	0	3	3010
4321410	格斗冠军：位置3	4	3	21	410	2	21	4200	0	24000	4	4500	0	4	4010
4321510	格斗冠军：位置3	4	3	21	510	2	21	5200	0	25000	5	5000	0	5	5010
4421110	格斗冠军：位置4	4	4	21	110	3	21	1300	0	21000	1	3000	0	1	0
4421210	格斗冠军：位置4	4	4	21	210	3	21	2300	0	22000	2	3500	0	2	0
4421310	格斗冠军：位置4	4	4	21	310	3	21	3300	0	23000	3	4000	0	3	3010
4421410	格斗冠军：位置4	4	4	21	410	3	21	4300	0	24000	4	4500	0	4	4010
4421510	格斗冠军：位置4	4	4	21	510	3	21	5300	0	25000	5	5000	0	5	5010
4222110	英雄狩猎：位置2	4	2	22	110	1	22	1100	0	21000	1	3000	0	1	0
4222210	英雄狩猎：位置2	4	2	22	210	1	22	2100	0	22000	2	3500	0	2	0
4222310	英雄狩猎：位置2	4	2	22	310	1	22	3100	0	23000	3	4000	0	3	3010
4222410	英雄狩猎：位置2	4	2	22	410	1	22	4100	0	24000	4	4500	0	4	4010
4222510	英雄狩猎：位置2	4	2	22	510	1	22	5100	0	25000	5	5000	0	5	5010
4322110	英雄狩猎：位置3	4	3	22	110	2	22	1200	0	21000	1	3000	0	1	0
4322210	英雄狩猎：位置3	4	3	22	210	2	22	2200	0	22000	2	3500	0	2	0
4322310	英雄狩猎：位置3	4	3	22	310	2	22	3200	0	23000	3	4000	0	3	3010
4322410	英雄狩猎：位置3	4	3	22	410	2	22	4200	0	24000	4	4500	0	4	4010
4322510	英雄狩猎：位置3	4	3	22	510	2	22	5200	0	25000	5	5000	0	5	5010
4422110	英雄狩猎：位置4	4	4	22	110	3	22	1300	0	21000	1	3000	0	1	0
4422210	英雄狩猎：位置4	4	4	22	210	3	22	2300	0	22000	2	3500	0	2	0
4422310	英雄狩猎：位置4	4	4	22	310	3	22	3300	0	23000	3	4000	0	3	3010
4422410	英雄狩猎：位置4	4	4	22	410	3	22	4300	0	24000	4	4500	0	4	4010
4422510	英雄狩猎：位置4	4	4	22	510	3	22	5300	0	25000	5	5000	0	5	5010
4224510	暴走因子：位置2	4	2	24	510	1	24	5100	0	25000	5	5000	0	5	5010
4324510	暴走因子：位置3	4	3	24	510	2	24	5200	0	25000	5	5000	0	5	5010
4424510	暴走因子：位置4	4	4	24	510	3	24	5300	0	25000	5	5000	0	5	5010
4225310	冲锋号令：位置2	4	2	25	310	1	25	3100	0	23000	3	4000	0	3	3010
4225410	冲锋号令：位置2	4	2	25	410	1	25	4100	0	24000	4	4500	0	4	4010
4225510	冲锋号令：位置2	4	2	25	510	1	25	5100	0	25000	5	5000	0	5	5010
4325310	冲锋号令：位置3	4	3	25	310	2	25	3200	0	23000	3	4000	0	3	3010
4325410	冲锋号令：位置3	4	3	25	410	2	25	4200	0	24000	4	4500	0	4	4010
4325510	冲锋号令：位置3	4	3	25	510	2	25	5200	0	25000	5	5000	0	5	5010
4425310	冲锋号令：位置4	4	4	25	310	3	25	3300	0	23000	3	4000	0	3	3010
4425410	冲锋号令：位置4	4	4	25	410	3	25	4300	0	24000	4	4500	0	4	4010
4425510	冲锋号令：位置4	4	4	25	510	3	25	5300	0	25000	5	5000	0	5	5010
4226310	烟雾屏障：位置2	4	2	26	310	1	26	3100	0	23000	3	4000	0	3	3011
4226410	烟雾屏障：位置2	4	2	26	410	1	26	4100	0	24000	4	4500	0	4	4011
4226510	烟雾屏障：位置2	4	2	26	510	1	26	5100	0	25000	5	5000	0	5	5011
4326310	烟雾屏障：位置3	4	3	26	310	2	26	3200	0	23000	3	4000	0	3	3011
4326410	烟雾屏障：位置3	4	3	26	410	2	26	4200	0	24000	4	4500	0	4	4011
4326510	烟雾屏障：位置3	4	3	26	510	2	26	5200	0	25000	5	5000	0	5	5011
4426310	烟雾屏障：位置4	4	4	26	310	3	26	3300	0	23000	3	4000	0	3	3011
4426410	烟雾屏障：位置4	4	4	26	410	3	26	4300	0	24000	4	4500	0	4	4011
4426510	烟雾屏障：位置4	4	4	26	510	3	26	5300	0	25000	5	5000	0	5	5011
4227510	爆破飞镖：位置2	4	2	27	510	1	27	5100	0	25000	5	5000	0	5	5010
4327510	爆破飞镖：位置3	4	3	27	510	2	27	5200	0	25000	5	5000	0	5	5010
4427510	爆破飞镖：位置4	4	4	27	510	3	27	5300	0	25000	5	5000	0	5	5010
4228510	重型杠铃：位置2	4	2	28	510	1	28	5100	0	25000	5	5000	0	5	5011
4328510	重型杠铃：位置3	4	3	28	510	2	28	5200	0	25000	5	5000	0	5	5011
4428510	重型杠铃：位置4	4	4	28	510	3	28	5300	0	25000	5	5000	0	5	5011
4229510	闪光发卡：位置2	4	2	29	510	1	29	5100	0	25000	5	5000	0	5	5010
4329510	闪光发卡：位置3	4	3	29	510	2	29	5200	0	25000	5	5000	0	5	5010
4429510	闪光发卡：位置4	4	4	29	510	3	29	5300	0	25000	5	5000	0	5	5010
