id	description	quality	lv1	lv2	lv3	lv4	lv5	lv6	lv7	lv8	lv9	lv10	lv11	lv12	lv13	lv14	lv15	
4101100	主核：幸运	1	10	15	20	0	0	0	0	0	0	0	0	0	0	0	0
4101200	主核：幸运	2	11	17	23	29	35	41	0	0	0	0	0	0	0	0	0
4101300	主核：幸运	3	12	22	32	42	52	62	72	82	92	0	0	0	0	0	0
4101400	主核：幸运	4	13	28	43	58	73	88	103	118	133	148	163	178	0	0	0
4101500	主核：幸运	5	14	44	74	104	134	164	194	224	254	284	314	344	374	404	434
4102100	主核：聚能	1	10	15	20	0	0	0	0	0	0	0	0	0	0	0	0
4102200	主核：聚能	2	11	17	23	29	35	41	0	0	0	0	0	0	0	0	0
4102300	主核：聚能	3	12	22	32	42	52	62	72	82	92	0	0	0	0	0	0
4102400	主核：聚能	4	13	28	43	58	73	88	103	118	133	148	163	178	0	0	0
4102500	主核：聚能	5	14	44	74	104	134	164	194	224	254	284	314	344	374	404	434
4103100	主核：窃夺	1	10	15	20	0	0	0	0	0	0	0	0	0	0	0	0
4103200	主核：窃夺	2	11	17	23	29	35	41	0	0	0	0	0	0	0	0	0
4103300	主核：窃夺	3	12	22	32	42	52	62	72	82	92	0	0	0	0	0	0
4103400	主核：窃夺	4	13	28	43	58	73	88	103	118	133	148	163	178	0	0	0
4103500	主核：窃夺	5	14	44	74	104	134	164	194	224	254	284	314	344	374	404	434
4104100	主核：先制	1	10	15	20	0	0	0	0	0	0	0	0	0	0	0	0
4104200	主核：先制	2	11	17	23	29	35	41	0	0	0	0	0	0	0	0	0
4104300	主核：先制	3	12	22	32	42	52	62	72	82	92	0	0	0	0	0	0
4104400	主核：先制	4	13	28	43	58	73	88	103	118	133	148	163	178	0	0	0
4104500	主核：先制	5	14	44	74	104	134	164	194	224	254	284	314	344	374	404	434
4105100	主核：共振	1	10	15	20	0	0	0	0	0	0	0	0	0	0	0	0
4105200	主核：共振	2	11	17	23	29	35	41	0	0	0	0	0	0	0	0	0
4105300	主核：共振	3	12	22	32	42	52	62	72	82	92	0	0	0	0	0	0
4105400	主核：共振	4	13	28	43	58	73	88	103	118	133	148	163	178	0	0	0
4105500	主核：共振	5	14	44	74	104	134	164	194	224	254	284	314	344	374	404	434
4106100	主核：终结	1	10	15	20	0	0	0	0	0	0	0	0	0	0	0	0
4106200	主核：终结	2	11	17	23	29	35	41	0	0	0	0	0	0	0	0	0
4106300	主核：终结	3	12	22	32	42	52	62	72	82	92	0	0	0	0	0	0
4106400	主核：终结	4	13	28	43	58	73	88	103	118	133	148	163	178	0	0	0
4106500	主核：终结	5	14	44	74	104	134	164	194	224	254	284	314	344	374	404	434
4107100	主核：破甲	1	10	15	20	0	0	0	0	0	0	0	0	0	0	0	0
4107200	主核：破甲	2	11	17	23	29	35	41	0	0	0	0	0	0	0	0	0
4107300	主核：破甲	3	12	22	32	42	52	62	72	82	92	0	0	0	0	0	0
4107400	主核：破甲	4	13	28	43	58	73	88	103	118	133	148	163	178	0	0	0
4107500	主核：破甲	5	14	44	74	104	134	164	194	224	254	284	314	344	374	404	434
4108100	主核：坚韧	1	10	15	20	0	0	0	0	0	0	0	0	0	0	0	0
4108200	主核：坚韧	2	11	17	23	29	35	41	0	0	0	0	0	0	0	0	0
4108300	主核：坚韧	3	12	22	32	42	52	62	72	82	92	0	0	0	0	0	0
4108400	主核：坚韧	4	13	28	43	58	73	88	103	118	133	148	163	178	0	0	0
4108500	主核：坚韧	5	14	44	74	104	134	164	194	224	254	284	314	344	374	404	434
4109100	主核：钢骨	1	10	15	20	0	0	0	0	0	0	0	0	0	0	0	0
4109200	主核：钢骨	2	11	17	23	29	35	41	0	0	0	0	0	0	0	0	0
4109300	主核：钢骨	3	12	22	32	42	52	62	72	82	92	0	0	0	0	0	0
4109400	主核：钢骨	4	13	28	43	58	73	88	103	118	133	148	163	178	0	0	0
4109500	主核：钢骨	5	14	44	74	104	134	164	194	224	254	284	314	344	374	404	434
4110100	主核：不屈	1	10	15	20	0	0	0	0	0	0	0	0	0	0	0	0
4110200	主核：不屈	2	11	17	23	29	35	41	0	0	0	0	0	0	0	0	0
4110300	主核：不屈	3	12	22	32	42	52	62	72	82	92	0	0	0	0	0	0
4110400	主核：不屈	4	13	28	43	58	73	88	103	118	133	148	163	178	0	0	0
4110500	主核：不屈	5	14	44	74	104	134	164	194	224	254	284	314	344	374	404	434
4111100	主核：磐石	1	10	15	20	0	0	0	0	0	0	0	0	0	0	0	0
4111200	主核：磐石	2	11	17	23	29	35	41	0	0	0	0	0	0	0	0	0
4111300	主核：磐石	3	12	22	32	42	52	62	72	82	92	0	0	0	0	0	0
4111400	主核：磐石	4	13	28	43	58	73	88	103	118	133	148	163	178	0	0	0
4111500	主核：磐石	5	14	44	74	104	134	164	194	224	254	284	314	344	374	404	434
4112100	主核：激励	1	10	15	20	0	0	0	0	0	0	0	0	0	0	0	0
4112200	主核：激励	2	11	17	23	29	35	41	0	0	0	0	0	0	0	0	0
4112300	主核：激励	3	12	22	32	42	52	62	72	82	92	0	0	0	0	0	0
4112400	主核：激励	4	13	28	43	58	73	88	103	118	133	148	163	178	0	0	0
4112500	主核：激励	5	14	44	74	104	134	164	194	224	254	284	314	344	374	404	434
4113100	主核：守护	1	10	15	20	0	0	0	0	0	0	0	0	0	0	0	0
4113200	主核：守护	2	11	17	23	29	35	41	0	0	0	0	0	0	0	0	0
4113300	主核：守护	3	12	22	32	42	52	62	72	82	92	0	0	0	0	0	0
4113400	主核：守护	4	13	28	43	58	73	88	103	118	133	148	163	178	0	0	0
4113500	主核：守护	5	14	44	74	104	134	164	194	224	254	284	314	344	374	404	434
4114100	主核：爱	1	10	15	20	0	0	0	0	0	0	0	0	0	0	0	0
4114200	主核：爱	2	11	17	23	29	35	41	0	0	0	0	0	0	0	0	0
4114300	主核：爱	3	12	22	32	42	52	62	72	82	92	0	0	0	0	0	0
4114400	主核：爱	4	13	28	43	58	73	88	103	118	133	148	163	178	0	0	0
4114500	主核：爱	5	14	44	74	104	134	164	194	224	254	284	314	344	374	404	434
4115100	主核：驱散	1	10	15	20	0	0	0	0	0	0	0	0	0	0	0	0
4115200	主核：驱散	2	11	17	23	29	35	41	0	0	0	0	0	0	0	0	0
4115300	主核：驱散	3	12	22	32	42	52	62	72	82	92	0	0	0	0	0	0
4115400	主核：驱散	4	13	28	43	58	73	88	103	118	133	148	163	178	0	0	0
4115500	主核：驱散	5	14	44	74	104	134	164	194	224	254	284	314	344	374	404	434
4116100	主核：制衡	1	10	15	20	0	0	0	0	0	0	0	0	0	0	0	0
4116200	主核：制衡	2	11	17	23	29	35	41	0	0	0	0	0	0	0	0	0
4116300	主核：制衡	3	12	22	32	42	52	62	72	82	92	0	0	0	0	0	0
4116400	主核：制衡	4	13	28	43	58	73	88	103	118	133	148	163	178	0	0	0
4116500	主核：制衡	5	14	44	74	104	134	164	194	224	254	284	314	344	374	404	434
4201100	幸运：位置2	1	10	15	20	0	0	0	0	0	0	0	0	0	0	0	0
4201200	幸运：位置2	2	11	17	23	29	35	41	0	0	0	0	0	0	0	0	0
4201300	幸运：位置2	3	12	22	32	42	52	62	72	82	92	0	0	0	0	0	0
4201400	幸运：位置2	4	13	28	43	58	73	88	103	118	133	148	163	178	0	0	0
4201500	幸运：位置2	5	14	44	74	104	134	164	194	224	254	284	314	344	374	404	434
4301100	幸运：位置3	1	10	15	20	0	0	0	0	0	0	0	0	0	0	0	0
4301200	幸运：位置3	2	11	17	23	29	35	41	0	0	0	0	0	0	0	0	0
4301300	幸运：位置3	3	12	22	32	42	52	62	72	82	92	0	0	0	0	0	0
4301400	幸运：位置3	4	13	28	43	58	73	88	103	118	133	148	163	178	0	0	0
4301500	幸运：位置3	5	14	44	74	104	134	164	194	224	254	284	314	344	374	404	434
4401100	幸运：位置4	1	10	15	20	0	0	0	0	0	0	0	0	0	0	0	0
4401200	幸运：位置4	2	11	17	23	29	35	41	0	0	0	0	0	0	0	0	0
4401300	幸运：位置4	3	12	22	32	42	52	62	72	82	92	0	0	0	0	0	0
4401400	幸运：位置4	4	13	28	43	58	73	88	103	118	133	148	163	178	0	0	0
4401500	幸运：位置4	5	14	44	74	104	134	164	194	224	254	284	314	344	374	404	434
4202100	聚能：位置2	1	10	15	20	0	0	0	0	0	0	0	0	0	0	0	0
4202200	聚能：位置2	2	11	17	23	29	35	41	0	0	0	0	0	0	0	0	0
4202300	聚能：位置2	3	12	22	32	42	52	62	72	82	92	0	0	0	0	0	0
4202400	聚能：位置2	4	13	28	43	58	73	88	103	118	133	148	163	178	0	0	0
4202500	聚能：位置2	5	14	44	74	104	134	164	194	224	254	284	314	344	374	404	434
4302100	聚能：位置3	1	10	15	20	0	0	0	0	0	0	0	0	0	0	0	0
4302200	聚能：位置3	2	11	17	23	29	35	41	0	0	0	0	0	0	0	0	0
4302300	聚能：位置3	3	12	22	32	42	52	62	72	82	92	0	0	0	0	0	0
4302400	聚能：位置3	4	13	28	43	58	73	88	103	118	133	148	163	178	0	0	0
4302500	聚能：位置3	5	14	44	74	104	134	164	194	224	254	284	314	344	374	404	434
4402100	聚能：位置4	1	10	15	20	0	0	0	0	0	0	0	0	0	0	0	0
4402200	聚能：位置4	2	11	17	23	29	35	41	0	0	0	0	0	0	0	0	0
4402300	聚能：位置4	3	12	22	32	42	52	62	72	82	92	0	0	0	0	0	0
4402400	聚能：位置4	4	13	28	43	58	73	88	103	118	133	148	163	178	0	0	0
4402500	聚能：位置4	5	14	44	74	104	134	164	194	224	254	284	314	344	374	404	434
4203100	窃夺：位置2	1	10	15	20	0	0	0	0	0	0	0	0	0	0	0	0
4203200	窃夺：位置2	2	11	17	23	29	35	41	0	0	0	0	0	0	0	0	0
4203300	窃夺：位置2	3	12	22	32	42	52	62	72	82	92	0	0	0	0	0	0
4203400	窃夺：位置2	4	13	28	43	58	73	88	103	118	133	148	163	178	0	0	0
4203500	窃夺：位置2	5	14	44	74	104	134	164	194	224	254	284	314	344	374	404	434
4303100	窃夺：位置3	1	10	15	20	0	0	0	0	0	0	0	0	0	0	0	0
4303200	窃夺：位置3	2	11	17	23	29	35	41	0	0	0	0	0	0	0	0	0
4303300	窃夺：位置3	3	12	22	32	42	52	62	72	82	92	0	0	0	0	0	0
4303400	窃夺：位置3	4	13	28	43	58	73	88	103	118	133	148	163	178	0	0	0
4303500	窃夺：位置3	5	14	44	74	104	134	164	194	224	254	284	314	344	374	404	434
4403100	窃夺：位置4	1	10	15	20	0	0	0	0	0	0	0	0	0	0	0	0
4403200	窃夺：位置4	2	11	17	23	29	35	41	0	0	0	0	0	0	0	0	0
4403300	窃夺：位置4	3	12	22	32	42	52	62	72	82	92	0	0	0	0	0	0
4403400	窃夺：位置4	4	13	28	43	58	73	88	103	118	133	148	163	178	0	0	0
4403500	窃夺：位置4	5	14	44	74	104	134	164	194	224	254	284	314	344	374	404	434
4204100	先制：位置2	1	10	15	20	0	0	0	0	0	0	0	0	0	0	0	0
4204200	先制：位置2	2	11	17	23	29	35	41	0	0	0	0	0	0	0	0	0
4204300	先制：位置2	3	12	22	32	42	52	62	72	82	92	0	0	0	0	0	0
4204400	先制：位置2	4	13	28	43	58	73	88	103	118	133	148	163	178	0	0	0
4204500	先制：位置2	5	14	44	74	104	134	164	194	224	254	284	314	344	374	404	434
4304100	先制：位置3	1	10	15	20	0	0	0	0	0	0	0	0	0	0	0	0
4304200	先制：位置3	2	11	17	23	29	35	41	0	0	0	0	0	0	0	0	0
4304300	先制：位置3	3	12	22	32	42	52	62	72	82	92	0	0	0	0	0	0
4304400	先制：位置3	4	13	28	43	58	73	88	103	118	133	148	163	178	0	0	0
4304500	先制：位置3	5	14	44	74	104	134	164	194	224	254	284	314	344	374	404	434
4404100	先制：位置4	1	10	15	20	0	0	0	0	0	0	0	0	0	0	0	0
4404200	先制：位置4	2	11	17	23	29	35	41	0	0	0	0	0	0	0	0	0
4404300	先制：位置4	3	12	22	32	42	52	62	72	82	92	0	0	0	0	0	0
4404400	先制：位置4	4	13	28	43	58	73	88	103	118	133	148	163	178	0	0	0
4404500	先制：位置4	5	14	44	74	104	134	164	194	224	254	284	314	344	374	404	434
4205100	共振：位置2	1	10	15	20	0	0	0	0	0	0	0	0	0	0	0	0
4205200	共振：位置2	2	11	17	23	29	35	41	0	0	0	0	0	0	0	0	0
4205300	共振：位置2	3	12	22	32	42	52	62	72	82	92	0	0	0	0	0	0
4205400	共振：位置2	4	13	28	43	58	73	88	103	118	133	148	163	178	0	0	0
4205500	共振：位置2	5	14	44	74	104	134	164	194	224	254	284	314	344	374	404	434
4305100	共振：位置3	1	10	15	20	0	0	0	0	0	0	0	0	0	0	0	0
4305200	共振：位置3	2	11	17	23	29	35	41	0	0	0	0	0	0	0	0	0
4305300	共振：位置3	3	12	22	32	42	52	62	72	82	92	0	0	0	0	0	0
4305400	共振：位置3	4	13	28	43	58	73	88	103	118	133	148	163	178	0	0	0
4305500	共振：位置3	5	14	44	74	104	134	164	194	224	254	284	314	344	374	404	434
4405100	共振：位置4	1	10	15	20	0	0	0	0	0	0	0	0	0	0	0	0
4405200	共振：位置4	2	11	17	23	29	35	41	0	0	0	0	0	0	0	0	0
4405300	共振：位置4	3	12	22	32	42	52	62	72	82	92	0	0	0	0	0	0
4405400	共振：位置4	4	13	28	43	58	73	88	103	118	133	148	163	178	0	0	0
4405500	共振：位置4	5	14	44	74	104	134	164	194	224	254	284	314	344	374	404	434
4206100	终结：位置2	1	10	15	20	0	0	0	0	0	0	0	0	0	0	0	0
4206200	终结：位置2	2	11	17	23	29	35	41	0	0	0	0	0	0	0	0	0
4206300	终结：位置2	3	12	22	32	42	52	62	72	82	92	0	0	0	0	0	0
4206400	终结：位置2	4	13	28	43	58	73	88	103	118	133	148	163	178	0	0	0
4206500	终结：位置2	5	14	44	74	104	134	164	194	224	254	284	314	344	374	404	434
4306100	终结：位置3	1	10	15	20	0	0	0	0	0	0	0	0	0	0	0	0
4306200	终结：位置3	2	11	17	23	29	35	41	0	0	0	0	0	0	0	0	0
4306300	终结：位置3	3	12	22	32	42	52	62	72	82	92	0	0	0	0	0	0
4306400	终结：位置3	4	13	28	43	58	73	88	103	118	133	148	163	178	0	0	0
4306500	终结：位置3	5	14	44	74	104	134	164	194	224	254	284	314	344	374	404	434
4406100	终结：位置4	1	10	15	20	0	0	0	0	0	0	0	0	0	0	0	0
4406200	终结：位置4	2	11	17	23	29	35	41	0	0	0	0	0	0	0	0	0
4406300	终结：位置4	3	12	22	32	42	52	62	72	82	92	0	0	0	0	0	0
4406400	终结：位置4	4	13	28	43	58	73	88	103	118	133	148	163	178	0	0	0
4406500	终结：位置4	5	14	44	74	104	134	164	194	224	254	284	314	344	374	404	434
4207100	破甲：位置2	1	10	15	20	0	0	0	0	0	0	0	0	0	0	0	0
4207200	破甲：位置2	2	11	17	23	29	35	41	0	0	0	0	0	0	0	0	0
4207300	破甲：位置2	3	12	22	32	42	52	62	72	82	92	0	0	0	0	0	0
4207400	破甲：位置2	4	13	28	43	58	73	88	103	118	133	148	163	178	0	0	0
4207500	破甲：位置2	5	14	44	74	104	134	164	194	224	254	284	314	344	374	404	434
4307100	破甲：位置3	1	10	15	20	0	0	0	0	0	0	0	0	0	0	0	0
4307200	破甲：位置3	2	11	17	23	29	35	41	0	0	0	0	0	0	0	0	0
4307300	破甲：位置3	3	12	22	32	42	52	62	72	82	92	0	0	0	0	0	0
4307400	破甲：位置3	4	13	28	43	58	73	88	103	118	133	148	163	178	0	0	0
4307500	破甲：位置3	5	14	44	74	104	134	164	194	224	254	284	314	344	374	404	434
4407100	破甲：位置4	1	10	15	20	0	0	0	0	0	0	0	0	0	0	0	0
4407200	破甲：位置4	2	11	17	23	29	35	41	0	0	0	0	0	0	0	0	0
4407300	破甲：位置4	3	12	22	32	42	52	62	72	82	92	0	0	0	0	0	0
4407400	破甲：位置4	4	13	28	43	58	73	88	103	118	133	148	163	178	0	0	0
4407500	破甲：位置4	5	14	44	74	104	134	164	194	224	254	284	314	344	374	404	434
4208100	坚韧：位置2	1	10	15	20	0	0	0	0	0	0	0	0	0	0	0	0
4208200	坚韧：位置2	2	11	17	23	29	35	41	0	0	0	0	0	0	0	0	0
4208300	坚韧：位置2	3	12	22	32	42	52	62	72	82	92	0	0	0	0	0	0
4208400	坚韧：位置2	4	13	28	43	58	73	88	103	118	133	148	163	178	0	0	0
4208500	坚韧：位置2	5	14	44	74	104	134	164	194	224	254	284	314	344	374	404	434
4308100	坚韧：位置3	1	10	15	20	0	0	0	0	0	0	0	0	0	0	0	0
4308200	坚韧：位置3	2	11	17	23	29	35	41	0	0	0	0	0	0	0	0	0
4308300	坚韧：位置3	3	12	22	32	42	52	62	72	82	92	0	0	0	0	0	0
4308400	坚韧：位置3	4	13	28	43	58	73	88	103	118	133	148	163	178	0	0	0
4308500	坚韧：位置3	5	14	44	74	104	134	164	194	224	254	284	314	344	374	404	434
4408100	坚韧：位置4	1	10	15	20	0	0	0	0	0	0	0	0	0	0	0	0
4408200	坚韧：位置4	2	11	17	23	29	35	41	0	0	0	0	0	0	0	0	0
4408300	坚韧：位置4	3	12	22	32	42	52	62	72	82	92	0	0	0	0	0	0
4408400	坚韧：位置4	4	13	28	43	58	73	88	103	118	133	148	163	178	0	0	0
4408500	坚韧：位置4	5	14	44	74	104	134	164	194	224	254	284	314	344	374	404	434
4209100	钢骨：位置2	1	10	15	20	0	0	0	0	0	0	0	0	0	0	0	0
4209200	钢骨：位置2	2	11	17	23	29	35	41	0	0	0	0	0	0	0	0	0
4209300	钢骨：位置2	3	12	22	32	42	52	62	72	82	92	0	0	0	0	0	0
4209400	钢骨：位置2	4	13	28	43	58	73	88	103	118	133	148	163	178	0	0	0
4209500	钢骨：位置2	5	14	44	74	104	134	164	194	224	254	284	314	344	374	404	434
4309100	钢骨：位置3	1	10	15	20	0	0	0	0	0	0	0	0	0	0	0	0
4309200	钢骨：位置3	2	11	17	23	29	35	41	0	0	0	0	0	0	0	0	0
4309300	钢骨：位置3	3	12	22	32	42	52	62	72	82	92	0	0	0	0	0	0
4309400	钢骨：位置3	4	13	28	43	58	73	88	103	118	133	148	163	178	0	0	0
4309500	钢骨：位置3	5	14	44	74	104	134	164	194	224	254	284	314	344	374	404	434
4409100	钢骨：位置4	1	10	15	20	0	0	0	0	0	0	0	0	0	0	0	0
4409200	钢骨：位置4	2	11	17	23	29	35	41	0	0	0	0	0	0	0	0	0
4409300	钢骨：位置4	3	12	22	32	42	52	62	72	82	92	0	0	0	0	0	0
4409400	钢骨：位置4	4	13	28	43	58	73	88	103	118	133	148	163	178	0	0	0
4409500	钢骨：位置4	5	14	44	74	104	134	164	194	224	254	284	314	344	374	404	434
4210100	不屈：位置2	1	10	15	20	0	0	0	0	0	0	0	0	0	0	0	0
4210200	不屈：位置2	2	11	17	23	29	35	41	0	0	0	0	0	0	0	0	0
4210300	不屈：位置2	3	12	22	32	42	52	62	72	82	92	0	0	0	0	0	0
4210400	不屈：位置2	4	13	28	43	58	73	88	103	118	133	148	163	178	0	0	0
4210500	不屈：位置2	5	14	44	74	104	134	164	194	224	254	284	314	344	374	404	434
4310100	不屈：位置3	1	10	15	20	0	0	0	0	0	0	0	0	0	0	0	0
4310200	不屈：位置3	2	11	17	23	29	35	41	0	0	0	0	0	0	0	0	0
4310300	不屈：位置3	3	12	22	32	42	52	62	72	82	92	0	0	0	0	0	0
4310400	不屈：位置3	4	13	28	43	58	73	88	103	118	133	148	163	178	0	0	0
4310500	不屈：位置3	5	14	44	74	104	134	164	194	224	254	284	314	344	374	404	434
4410100	不屈：位置4	1	10	15	20	0	0	0	0	0	0	0	0	0	0	0	0
4410200	不屈：位置4	2	11	17	23	29	35	41	0	0	0	0	0	0	0	0	0
4410300	不屈：位置4	3	12	22	32	42	52	62	72	82	92	0	0	0	0	0	0
4410400	不屈：位置4	4	13	28	43	58	73	88	103	118	133	148	163	178	0	0	0
4410500	不屈：位置4	5	14	44	74	104	134	164	194	224	254	284	314	344	374	404	434
4211100	磐石：位置2	1	10	15	20	0	0	0	0	0	0	0	0	0	0	0	0
4211200	磐石：位置2	2	11	17	23	29	35	41	0	0	0	0	0	0	0	0	0
4211300	磐石：位置2	3	12	22	32	42	52	62	72	82	92	0	0	0	0	0	0
4211400	磐石：位置2	4	13	28	43	58	73	88	103	118	133	148	163	178	0	0	0
4211500	磐石：位置2	5	14	44	74	104	134	164	194	224	254	284	314	344	374	404	434
4311100	磐石：位置3	1	10	15	20	0	0	0	0	0	0	0	0	0	0	0	0
4311200	磐石：位置3	2	11	17	23	29	35	41	0	0	0	0	0	0	0	0	0
4311300	磐石：位置3	3	12	22	32	42	52	62	72	82	92	0	0	0	0	0	0
4311400	磐石：位置3	4	13	28	43	58	73	88	103	118	133	148	163	178	0	0	0
4311500	磐石：位置3	5	14	44	74	104	134	164	194	224	254	284	314	344	374	404	434
4411100	磐石：位置4	1	10	15	20	0	0	0	0	0	0	0	0	0	0	0	0
4411200	磐石：位置4	2	11	17	23	29	35	41	0	0	0	0	0	0	0	0	0
4411300	磐石：位置4	3	12	22	32	42	52	62	72	82	92	0	0	0	0	0	0
4411400	磐石：位置4	4	13	28	43	58	73	88	103	118	133	148	163	178	0	0	0
4411500	磐石：位置4	5	14	44	74	104	134	164	194	224	254	284	314	344	374	404	434
4212100	激励：位置2	1	10	15	20	0	0	0	0	0	0	0	0	0	0	0	0
4212200	激励：位置2	2	11	17	23	29	35	41	0	0	0	0	0	0	0	0	0
4212300	激励：位置2	3	12	22	32	42	52	62	72	82	92	0	0	0	0	0	0
4212400	激励：位置2	4	13	28	43	58	73	88	103	118	133	148	163	178	0	0	0
4212500	激励：位置2	5	14	44	74	104	134	164	194	224	254	284	314	344	374	404	434
4312100	激励：位置3	1	10	15	20	0	0	0	0	0	0	0	0	0	0	0	0
4312200	激励：位置3	2	11	17	23	29	35	41	0	0	0	0	0	0	0	0	0
4312300	激励：位置3	3	12	22	32	42	52	62	72	82	92	0	0	0	0	0	0
4312400	激励：位置3	4	13	28	43	58	73	88	103	118	133	148	163	178	0	0	0
4312500	激励：位置3	5	14	44	74	104	134	164	194	224	254	284	314	344	374	404	434
4412100	激励：位置4	1	10	15	20	0	0	0	0	0	0	0	0	0	0	0	0
4412200	激励：位置4	2	11	17	23	29	35	41	0	0	0	0	0	0	0	0	0
4412300	激励：位置4	3	12	22	32	42	52	62	72	82	92	0	0	0	0	0	0
4412400	激励：位置4	4	13	28	43	58	73	88	103	118	133	148	163	178	0	0	0
4412500	激励：位置4	5	14	44	74	104	134	164	194	224	254	284	314	344	374	404	434
4213100	守护：位置2	1	10	15	20	0	0	0	0	0	0	0	0	0	0	0	0
4213200	守护：位置2	2	11	17	23	29	35	41	0	0	0	0	0	0	0	0	0
4213300	守护：位置2	3	12	22	32	42	52	62	72	82	92	0	0	0	0	0	0
4213400	守护：位置2	4	13	28	43	58	73	88	103	118	133	148	163	178	0	0	0
4213500	守护：位置2	5	14	44	74	104	134	164	194	224	254	284	314	344	374	404	434
4313100	守护：位置3	1	10	15	20	0	0	0	0	0	0	0	0	0	0	0	0
4313200	守护：位置3	2	11	17	23	29	35	41	0	0	0	0	0	0	0	0	0
4313300	守护：位置3	3	12	22	32	42	52	62	72	82	92	0	0	0	0	0	0
4313400	守护：位置3	4	13	28	43	58	73	88	103	118	133	148	163	178	0	0	0
4313500	守护：位置3	5	14	44	74	104	134	164	194	224	254	284	314	344	374	404	434
4413100	守护：位置4	1	10	15	20	0	0	0	0	0	0	0	0	0	0	0	0
4413200	守护：位置4	2	11	17	23	29	35	41	0	0	0	0	0	0	0	0	0
4413300	守护：位置4	3	12	22	32	42	52	62	72	82	92	0	0	0	0	0	0
4413400	守护：位置4	4	13	28	43	58	73	88	103	118	133	148	163	178	0	0	0
4413500	守护：位置4	5	14	44	74	104	134	164	194	224	254	284	314	344	374	404	434
4214100	大爱：位置2	1	10	15	20	0	0	0	0	0	0	0	0	0	0	0	0
4214200	大爱：位置2	2	11	17	23	29	35	41	0	0	0	0	0	0	0	0	0
4214300	大爱：位置2	3	12	22	32	42	52	62	72	82	92	0	0	0	0	0	0
4214400	大爱：位置2	4	13	28	43	58	73	88	103	118	133	148	163	178	0	0	0
4214500	大爱：位置2	5	14	44	74	104	134	164	194	224	254	284	314	344	374	404	434
4314100	大爱：位置3	1	10	15	20	0	0	0	0	0	0	0	0	0	0	0	0
4314200	大爱：位置3	2	11	17	23	29	35	41	0	0	0	0	0	0	0	0	0
4314300	大爱：位置3	3	12	22	32	42	52	62	72	82	92	0	0	0	0	0	0
4314400	大爱：位置3	4	13	28	43	58	73	88	103	118	133	148	163	178	0	0	0
4314500	大爱：位置3	5	14	44	74	104	134	164	194	224	254	284	314	344	374	404	434
4414100	大爱：位置4	1	10	15	20	0	0	0	0	0	0	0	0	0	0	0	0
4414200	大爱：位置4	2	11	17	23	29	35	41	0	0	0	0	0	0	0	0	0
4414300	大爱：位置4	3	12	22	32	42	52	62	72	82	92	0	0	0	0	0	0
4414400	大爱：位置4	4	13	28	43	58	73	88	103	118	133	148	163	178	0	0	0
4414500	大爱：位置4	5	14	44	74	104	134	164	194	224	254	284	314	344	374	404	434
4215100	驱散：位置2	1	10	15	20	0	0	0	0	0	0	0	0	0	0	0	0
4215200	驱散：位置2	2	11	17	23	29	35	41	0	0	0	0	0	0	0	0	0
4215300	驱散：位置2	3	12	22	32	42	52	62	72	82	92	0	0	0	0	0	0
4215400	驱散：位置2	4	13	28	43	58	73	88	103	118	133	148	163	178	0	0	0
4215500	驱散：位置2	5	14	44	74	104	134	164	194	224	254	284	314	344	374	404	434
4315100	驱散：位置3	1	10	15	20	0	0	0	0	0	0	0	0	0	0	0	0
4315200	驱散：位置3	2	11	17	23	29	35	41	0	0	0	0	0	0	0	0	0
4315300	驱散：位置3	3	12	22	32	42	52	62	72	82	92	0	0	0	0	0	0
4315400	驱散：位置3	4	13	28	43	58	73	88	103	118	133	148	163	178	0	0	0
4315500	驱散：位置3	5	14	44	74	104	134	164	194	224	254	284	314	344	374	404	434
4415100	驱散：位置4	1	10	15	20	0	0	0	0	0	0	0	0	0	0	0	0
4415200	驱散：位置4	2	11	17	23	29	35	41	0	0	0	0	0	0	0	0	0
4415300	驱散：位置4	3	12	22	32	42	52	62	72	82	92	0	0	0	0	0	0
4415400	驱散：位置4	4	13	28	43	58	73	88	103	118	133	148	163	178	0	0	0
4415500	驱散：位置4	5	14	44	74	104	134	164	194	224	254	284	314	344	374	404	434
4216100	制衡：位置2	1	10	15	20	0	0	0	0	0	0	0	0	0	0	0	0
4216200	制衡：位置2	2	11	17	23	29	35	41	0	0	0	0	0	0	0	0	0
4216300	制衡：位置2	3	12	22	32	42	52	62	72	82	92	0	0	0	0	0	0
4216400	制衡：位置2	4	13	28	43	58	73	88	103	118	133	148	163	178	0	0	0
4216500	制衡：位置2	5	14	44	74	104	134	164	194	224	254	284	314	344	374	404	434
4316100	制衡：位置3	1	10	15	20	0	0	0	0	0	0	0	0	0	0	0	0
4316200	制衡：位置3	2	11	17	23	29	35	41	0	0	0	0	0	0	0	0	0
4316300	制衡：位置3	3	12	22	32	42	52	62	72	82	92	0	0	0	0	0	0
4316400	制衡：位置3	4	13	28	43	58	73	88	103	118	133	148	163	178	0	0	0
4316500	制衡：位置3	5	14	44	74	104	134	164	194	224	254	284	314	344	374	404	434
4416100	制衡：位置4	1	10	15	20	0	0	0	0	0	0	0	0	0	0	0	0
4416200	制衡：位置4	2	11	17	23	29	35	41	0	0	0	0	0	0	0	0	0
4416300	制衡：位置4	3	12	22	32	42	52	62	72	82	92	0	0	0	0	0	0
4416400	制衡：位置4	4	13	28	43	58	73	88	103	118	133	148	163	178	0	0	0
4416500	制衡：位置4	5	14	44	74	104	134	164	194	224	254	284	314	344	374	404	434
4117100	主核：电极火花_白	1	10	15	20	0	0	0	0	0	0	0	0	0	0	0	0
4117200	主核：电极火花_绿	2	11	17	23	29	35	41	0	0	0	0	0	0	0	0	0
4117300	主核：电极火花_蓝	3	12	22	32	42	52	62	72	82	92	0	0	0	0	0	0
4117400	主核：电极火花_紫	4	13	28	43	58	73	88	103	118	133	148	163	178	0	0	0
4117500	主核：电极火花_橙	5	14	44	74	104	134	164	194	224	254	284	314	344	374	404	434
4118100	主核：热感扫描_白	1	10	15	20	0	0	0	0	0	0	0	0	0	0	0	0
4118200	主核：热感扫描_绿	2	11	17	23	29	35	41	0	0	0	0	0	0	0	0	0
4118300	主核：热感扫描_蓝	3	12	22	32	42	52	62	72	82	92	0	0	0	0	0	0
4118400	主核：热感扫描_紫	4	13	28	43	58	73	88	103	118	133	148	163	178	0	0	0
4118500	主核：热感扫描_橙	5	14	44	74	104	134	164	194	224	254	284	314	344	374	404	434
4119100	主核：意念冠冕_白	1	10	15	20	0	0	0	0	0	0	0	0	0	0	0	0
4119200	主核：意念冠冕_绿	2	11	17	23	29	35	41	0	0	0	0	0	0	0	0	0
4119300	主核：意念冠冕_蓝	3	12	22	32	42	52	62	72	82	92	0	0	0	0	0	0
4119400	主核：意念冠冕_紫	4	13	28	43	58	73	88	103	118	133	148	163	178	0	0	0
4119500	主核：意念冠冕_橙	5	14	44	74	104	134	164	194	224	254	284	314	344	374	404	434
4120100	主核：斗志绷带_白	1	10	15	20	0	0	0	0	0	0	0	0	0	0	0	0
4120200	主核：斗志绷带_绿	2	11	17	23	29	35	41	0	0	0	0	0	0	0	0	0
4120300	主核：斗志绷带_蓝	3	12	22	32	42	52	62	72	82	92	0	0	0	0	0	0
4120400	主核：斗志绷带_紫	4	13	28	43	58	73	88	103	118	133	148	163	178	0	0	0
4120500	主核：斗志绷带_橙	5	14	44	74	104	134	164	194	224	254	284	314	344	374	404	434
4121100	主核：格斗冠军_白	1	10	15	20	0	0	0	0	0	0	0	0	0	0	0	0
4121200	主核：格斗冠军_绿	2	11	17	23	29	35	41	0	0	0	0	0	0	0	0	0
4121300	主核：格斗冠军_蓝	3	12	22	32	42	52	62	72	82	92	0	0	0	0	0	0
4121400	主核：格斗冠军_紫	4	13	28	43	58	73	88	103	118	133	148	163	178	0	0	0
4121500	主核：格斗冠军_橙	5	14	44	74	104	134	164	194	224	254	284	314	344	374	404	434
4122100	主核：英雄狩猎_白	1	10	15	20	0	0	0	0	0	0	0	0	0	0	0	0
4122200	主核：英雄狩猎_绿	2	11	17	23	29	35	41	0	0	0	0	0	0	0	0	0
4122300	主核：英雄狩猎_蓝	3	12	22	32	42	52	62	72	82	92	0	0	0	0	0	0
4122400	主核：英雄狩猎_紫	4	13	28	43	58	73	88	103	118	133	148	163	178	0	0	0
4122500	主核：英雄狩猎_橙	5	14	44	74	104	134	164	194	224	254	284	314	344	374	404	434
4217100	电极火花：位置2_白	1	10	15	20	0	0	0	0	0	0	0	0	0	0	0	0
4217200	电极火花：位置2_绿	2	11	17	23	29	35	41	0	0	0	0	0	0	0	0	0
4217300	电极火花：位置2_蓝	3	12	22	32	42	52	62	72	82	92	0	0	0	0	0	0
4217400	电极火花：位置2_紫	4	13	28	43	58	73	88	103	118	133	148	163	178	0	0	0
4217500	电极火花：位置2_橙	5	14	44	74	104	134	164	194	224	254	284	314	344	374	404	434
4317100	电极火花：位置3_白	1	10	15	20	0	0	0	0	0	0	0	0	0	0	0	0
4317200	电极火花：位置3_绿	2	11	17	23	29	35	41	0	0	0	0	0	0	0	0	0
4317300	电极火花：位置3_蓝	3	12	22	32	42	52	62	72	82	92	0	0	0	0	0	0
4317400	电极火花：位置3_紫	4	13	28	43	58	73	88	103	118	133	148	163	178	0	0	0
4317500	电极火花：位置3_橙	5	14	44	74	104	134	164	194	224	254	284	314	344	374	404	434
4417100	电极火花：位置4_白	1	10	15	20	0	0	0	0	0	0	0	0	0	0	0	0
4417200	电极火花：位置4_绿	2	11	17	23	29	35	41	0	0	0	0	0	0	0	0	0
4417300	电极火花：位置4_蓝	3	12	22	32	42	52	62	72	82	92	0	0	0	0	0	0
4417400	电极火花：位置4_紫	4	13	28	43	58	73	88	103	118	133	148	163	178	0	0	0
4417500	电极火花：位置4_橙	5	14	44	74	104	134	164	194	224	254	284	314	344	374	404	434
4218100	热感扫描：位置2_白	1	10	15	20	0	0	0	0	0	0	0	0	0	0	0	0
4218200	热感扫描：位置2_绿	2	11	17	23	29	35	41	0	0	0	0	0	0	0	0	0
4218300	热感扫描：位置2_蓝	3	12	22	32	42	52	62	72	82	92	0	0	0	0	0	0
4218400	热感扫描：位置2_紫	4	13	28	43	58	73	88	103	118	133	148	163	178	0	0	0
4218500	热感扫描：位置2_橙	5	14	44	74	104	134	164	194	224	254	284	314	344	374	404	434
4318100	热感扫描：位置3_白	1	10	15	20	0	0	0	0	0	0	0	0	0	0	0	0
4318200	热感扫描：位置3_绿	2	11	17	23	29	35	41	0	0	0	0	0	0	0	0	0
4318300	热感扫描：位置3_蓝	3	12	22	32	42	52	62	72	82	92	0	0	0	0	0	0
4318400	热感扫描：位置3_紫	4	13	28	43	58	73	88	103	118	133	148	163	178	0	0	0
4318500	热感扫描：位置3_橙	5	14	44	74	104	134	164	194	224	254	284	314	344	374	404	434
4418100	热感扫描：位置4_白	1	10	15	20	0	0	0	0	0	0	0	0	0	0	0	0
4418200	热感扫描：位置4_绿	2	11	17	23	29	35	41	0	0	0	0	0	0	0	0	0
4418300	热感扫描：位置4_蓝	3	12	22	32	42	52	62	72	82	92	0	0	0	0	0	0
4418400	热感扫描：位置4_紫	4	13	28	43	58	73	88	103	118	133	148	163	178	0	0	0
4418500	热感扫描：位置4_橙	5	14	44	74	104	134	164	194	224	254	284	314	344	374	404	434
4219100	意念冠冕：位置2_白	1	10	15	20	0	0	0	0	0	0	0	0	0	0	0	0
4219200	意念冠冕：位置2_绿	2	11	17	23	29	35	41	0	0	0	0	0	0	0	0	0
4219300	意念冠冕：位置2_蓝	3	12	22	32	42	52	62	72	82	92	0	0	0	0	0	0
4219400	意念冠冕：位置2_紫	4	13	28	43	58	73	88	103	118	133	148	163	178	0	0	0
4219500	意念冠冕：位置2_橙	5	14	44	74	104	134	164	194	224	254	284	314	344	374	404	434
4319100	意念冠冕：位置3_白	1	10	15	20	0	0	0	0	0	0	0	0	0	0	0	0
4319200	意念冠冕：位置3_绿	2	11	17	23	29	35	41	0	0	0	0	0	0	0	0	0
4319300	意念冠冕：位置3_蓝	3	12	22	32	42	52	62	72	82	92	0	0	0	0	0	0
4319400	意念冠冕：位置3_紫	4	13	28	43	58	73	88	103	118	133	148	163	178	0	0	0
4319500	意念冠冕：位置3_橙	5	14	44	74	104	134	164	194	224	254	284	314	344	374	404	434
4419100	意念冠冕：位置4_白	1	10	15	20	0	0	0	0	0	0	0	0	0	0	0	0
4419200	意念冠冕：位置4_绿	2	11	17	23	29	35	41	0	0	0	0	0	0	0	0	0
4419300	意念冠冕：位置4_蓝	3	12	22	32	42	52	62	72	82	92	0	0	0	0	0	0
4419400	意念冠冕：位置4_紫	4	13	28	43	58	73	88	103	118	133	148	163	178	0	0	0
4419500	意念冠冕：位置4_橙	5	14	44	74	104	134	164	194	224	254	284	314	344	374	404	434
4220100	斗志绷带：位置2_白	1	10	15	20	0	0	0	0	0	0	0	0	0	0	0	0
4220200	斗志绷带：位置2_绿	2	11	17	23	29	35	41	0	0	0	0	0	0	0	0	0
4220300	斗志绷带：位置2_蓝	3	12	22	32	42	52	62	72	82	92	0	0	0	0	0	0
4220400	斗志绷带：位置2_紫	4	13	28	43	58	73	88	103	118	133	148	163	178	0	0	0
4220500	斗志绷带：位置2_橙	5	14	44	74	104	134	164	194	224	254	284	314	344	374	404	434
4320100	斗志绷带：位置3_白	1	10	15	20	0	0	0	0	0	0	0	0	0	0	0	0
4320200	斗志绷带：位置3_绿	2	11	17	23	29	35	41	0	0	0	0	0	0	0	0	0
4320300	斗志绷带：位置3_蓝	3	12	22	32	42	52	62	72	82	92	0	0	0	0	0	0
4320400	斗志绷带：位置3_紫	4	13	28	43	58	73	88	103	118	133	148	163	178	0	0	0
4320500	斗志绷带：位置3_橙	5	14	44	74	104	134	164	194	224	254	284	314	344	374	404	434
4420100	斗志绷带：位置4_白	1	10	15	20	0	0	0	0	0	0	0	0	0	0	0	0
4420200	斗志绷带：位置4_绿	2	11	17	23	29	35	41	0	0	0	0	0	0	0	0	0
4420300	斗志绷带：位置4_蓝	3	12	22	32	42	52	62	72	82	92	0	0	0	0	0	0
4420400	斗志绷带：位置4_紫	4	13	28	43	58	73	88	103	118	133	148	163	178	0	0	0
4420500	斗志绷带：位置4_橙	5	14	44	74	104	134	164	194	224	254	284	314	344	374	404	434
4221100	格斗冠军：位置2_白	1	10	15	20	0	0	0	0	0	0	0	0	0	0	0	0
4221200	格斗冠军：位置2_绿	2	11	17	23	29	35	41	0	0	0	0	0	0	0	0	0
4221300	格斗冠军：位置2_蓝	3	12	22	32	42	52	62	72	82	92	0	0	0	0	0	0
4221400	格斗冠军：位置2_紫	4	13	28	43	58	73	88	103	118	133	148	163	178	0	0	0
4221500	格斗冠军：位置2_橙	5	14	44	74	104	134	164	194	224	254	284	314	344	374	404	434
4321100	格斗冠军：位置3_白	1	10	15	20	0	0	0	0	0	0	0	0	0	0	0	0
4321200	格斗冠军：位置3_绿	2	11	17	23	29	35	41	0	0	0	0	0	0	0	0	0
4321300	格斗冠军：位置3_蓝	3	12	22	32	42	52	62	72	82	92	0	0	0	0	0	0
4321400	格斗冠军：位置3_紫	4	13	28	43	58	73	88	103	118	133	148	163	178	0	0	0
4321500	格斗冠军：位置3_橙	5	14	44	74	104	134	164	194	224	254	284	314	344	374	404	434
4421100	格斗冠军：位置4_白	1	10	15	20	0	0	0	0	0	0	0	0	0	0	0	0
4421200	格斗冠军：位置4_绿	2	11	17	23	29	35	41	0	0	0	0	0	0	0	0	0
4421300	格斗冠军：位置4_蓝	3	12	22	32	42	52	62	72	82	92	0	0	0	0	0	0
4421400	格斗冠军：位置4_紫	4	13	28	43	58	73	88	103	118	133	148	163	178	0	0	0
4421500	格斗冠军：位置4_橙	5	14	44	74	104	134	164	194	224	254	284	314	344	374	404	434
4222100	英雄狩猎：位置2_白	1	10	15	20	0	0	0	0	0	0	0	0	0	0	0	0
4222200	英雄狩猎：位置2_绿	2	11	17	23	29	35	41	0	0	0	0	0	0	0	0	0
4222300	英雄狩猎：位置2_蓝	3	12	22	32	42	52	62	72	82	92	0	0	0	0	0	0
4222400	英雄狩猎：位置2_紫	4	13	28	43	58	73	88	103	118	133	148	163	178	0	0	0
4222500	英雄狩猎：位置2_橙	5	14	44	74	104	134	164	194	224	254	284	314	344	374	404	434
4322100	英雄狩猎：位置3_白	1	10	15	20	0	0	0	0	0	0	0	0	0	0	0	0
4322200	英雄狩猎：位置3_绿	2	11	17	23	29	35	41	0	0	0	0	0	0	0	0	0
4322300	英雄狩猎：位置3_蓝	3	12	22	32	42	52	62	72	82	92	0	0	0	0	0	0
4322400	英雄狩猎：位置3_紫	4	13	28	43	58	73	88	103	118	133	148	163	178	0	0	0
4322500	英雄狩猎：位置3_橙	5	14	44	74	104	134	164	194	224	254	284	314	344	374	404	434
4422100	英雄狩猎：位置4_白	1	10	15	20	0	0	0	0	0	0	0	0	0	0	0	0
4422200	英雄狩猎：位置4_绿	2	11	17	23	29	35	41	0	0	0	0	0	0	0	0	0
4422300	英雄狩猎：位置4_蓝	3	12	22	32	42	52	62	72	82	92	0	0	0	0	0	0
4422400	英雄狩猎：位置4_紫	4	13	28	43	58	73	88	103	118	133	148	163	178	0	0	0
4422500	英雄狩猎：位置4_橙	5	14	44	74	104	134	164	194	224	254	284	314	344	374	404	434
4101110	主核：幸运_白_闪	1	11	16	22	0	0	0	0	0	0	0	0	0	0	0	0
4101210	主核：幸运_绿_闪	2	12	18	25	31	38	45	0	0	0	0	0	0	0	0	0
4101310	主核：幸运_蓝_闪	3	13	24	35	46	57	68	79	90	101	0	0	0	0	0	0
4101410	主核：幸运_紫_闪	4	14	30	47	63	80	96	113	129	146	162	179	195	0	0	0
4101510	主核：幸运_橙_闪	5	15	48	81	114	147	180	213	246	279	312	345	378	411	444	477
4102110	主核：聚能_白_闪	1	11	16	22	0	0	0	0	0	0	0	0	0	0	0	0
4102210	主核：聚能_绿_闪	2	12	18	25	31	38	45	0	0	0	0	0	0	0	0	0
4102310	主核：聚能_蓝_闪	3	13	24	35	46	57	68	79	90	101	0	0	0	0	0	0
4102410	主核：聚能_紫_闪	4	14	30	47	63	80	96	113	129	146	162	179	195	0	0	0
4102510	主核：聚能_橙_闪	5	15	48	81	114	147	180	213	246	279	312	345	378	411	444	477
4103110	主核：窃夺_白_闪	1	11	16	22	0	0	0	0	0	0	0	0	0	0	0	0
4103210	主核：窃夺_绿_闪	2	12	18	25	31	38	45	0	0	0	0	0	0	0	0	0
4103310	主核：窃夺_蓝_闪	3	13	24	35	46	57	68	79	90	101	0	0	0	0	0	0
4103410	主核：窃夺_紫_闪	4	14	30	47	63	80	96	113	129	146	162	179	195	0	0	0
4103510	主核：窃夺_橙_闪	5	15	48	81	114	147	180	213	246	279	312	345	378	411	444	477
4104110	主核：先制_白_闪	1	11	16	22	0	0	0	0	0	0	0	0	0	0	0	0
4104210	主核：先制_绿_闪	2	12	18	25	31	38	45	0	0	0	0	0	0	0	0	0
4104310	主核：先制_蓝_闪	3	13	24	35	46	57	68	79	90	101	0	0	0	0	0	0
4104410	主核：先制_紫_闪	4	14	30	47	63	80	96	113	129	146	162	179	195	0	0	0
4104510	主核：先制_橙_闪	5	15	48	81	114	147	180	213	246	279	312	345	378	411	444	477
4105110	主核：共振_白_闪	1	11	16	22	0	0	0	0	0	0	0	0	0	0	0	0
4105210	主核：共振_绿_闪	2	12	18	25	31	38	45	0	0	0	0	0	0	0	0	0
4105310	主核：共振_蓝_闪	3	13	24	35	46	57	68	79	90	101	0	0	0	0	0	0
4105410	主核：共振_紫_闪	4	14	30	47	63	80	96	113	129	146	162	179	195	0	0	0
4105510	主核：共振_橙_闪	5	15	48	81	114	147	180	213	246	279	312	345	378	411	444	477
4106110	主核：终结_白_闪	1	11	16	22	0	0	0	0	0	0	0	0	0	0	0	0
4106210	主核：终结_绿_闪	2	12	18	25	31	38	45	0	0	0	0	0	0	0	0	0
4106310	主核：终结_蓝_闪	3	13	24	35	46	57	68	79	90	101	0	0	0	0	0	0
4106410	主核：终结_紫_闪	4	14	30	47	63	80	96	113	129	146	162	179	195	0	0	0
4106510	主核：终结_橙_闪	5	15	48	81	114	147	180	213	246	279	312	345	378	411	444	477
4107110	主核：破甲_白_闪	1	11	16	22	0	0	0	0	0	0	0	0	0	0	0	0
4107210	主核：破甲_绿_闪	2	12	18	25	31	38	45	0	0	0	0	0	0	0	0	0
4107310	主核：破甲_蓝_闪	3	13	24	35	46	57	68	79	90	101	0	0	0	0	0	0
4107410	主核：破甲_紫_闪	4	14	30	47	63	80	96	113	129	146	162	179	195	0	0	0
4107510	主核：破甲_橙_闪	5	15	48	81	114	147	180	213	246	279	312	345	378	411	444	477
4108110	主核：坚韧_白_闪	1	11	16	22	0	0	0	0	0	0	0	0	0	0	0	0
4108210	主核：坚韧_绿_闪	2	12	18	25	31	38	45	0	0	0	0	0	0	0	0	0
4108310	主核：坚韧_蓝_闪	3	13	24	35	46	57	68	79	90	101	0	0	0	0	0	0
4108410	主核：坚韧_紫_闪	4	14	30	47	63	80	96	113	129	146	162	179	195	0	0	0
4108510	主核：坚韧_橙_闪	5	15	48	81	114	147	180	213	246	279	312	345	378	411	444	477
4109110	主核：钢骨_白_闪	1	11	16	22	0	0	0	0	0	0	0	0	0	0	0	0
4109210	主核：钢骨_绿_闪	2	12	18	25	31	38	45	0	0	0	0	0	0	0	0	0
4109310	主核：钢骨_蓝_闪	3	13	24	35	46	57	68	79	90	101	0	0	0	0	0	0
4109410	主核：钢骨_紫_闪	4	14	30	47	63	80	96	113	129	146	162	179	195	0	0	0
4109510	主核：钢骨_橙_闪	5	15	48	81	114	147	180	213	246	279	312	345	378	411	444	477
4110110	主核：不屈_白_闪	1	11	16	22	0	0	0	0	0	0	0	0	0	0	0	0
4110210	主核：不屈_绿_闪	2	12	18	25	31	38	45	0	0	0	0	0	0	0	0	0
4110310	主核：不屈_蓝_闪	3	13	24	35	46	57	68	79	90	101	0	0	0	0	0	0
4110410	主核：不屈_紫_闪	4	14	30	47	63	80	96	113	129	146	162	179	195	0	0	0
4110510	主核：不屈_橙_闪	5	15	48	81	114	147	180	213	246	279	312	345	378	411	444	477
4111110	主核：磐石_白_闪	1	11	16	22	0	0	0	0	0	0	0	0	0	0	0	0
4111210	主核：磐石_绿_闪	2	12	18	25	31	38	45	0	0	0	0	0	0	0	0	0
4111310	主核：磐石_蓝_闪	3	13	24	35	46	57	68	79	90	101	0	0	0	0	0	0
4111410	主核：磐石_紫_闪	4	14	30	47	63	80	96	113	129	146	162	179	195	0	0	0
4111510	主核：磐石_橙_闪	5	15	48	81	114	147	180	213	246	279	312	345	378	411	444	477
4112110	主核：激励_白_闪	1	11	16	22	0	0	0	0	0	0	0	0	0	0	0	0
4112210	主核：激励_绿_闪	2	12	18	25	31	38	45	0	0	0	0	0	0	0	0	0
4112310	主核：激励_蓝_闪	3	13	24	35	46	57	68	79	90	101	0	0	0	0	0	0
4112410	主核：激励_紫_闪	4	14	30	47	63	80	96	113	129	146	162	179	195	0	0	0
4112510	主核：激励_橙_闪	5	15	48	81	114	147	180	213	246	279	312	345	378	411	444	477
4113110	主核：守护_白_闪	1	11	16	22	0	0	0	0	0	0	0	0	0	0	0	0
4113210	主核：守护_绿_闪	2	12	18	25	31	38	45	0	0	0	0	0	0	0	0	0
4113310	主核：守护_蓝_闪	3	13	24	35	46	57	68	79	90	101	0	0	0	0	0	0
4113410	主核：守护_紫_闪	4	14	30	47	63	80	96	113	129	146	162	179	195	0	0	0
4113510	主核：守护_橙_闪	5	15	48	81	114	147	180	213	246	279	312	345	378	411	444	477
4114110	主核：爱_白_闪	1	11	16	22	0	0	0	0	0	0	0	0	0	0	0	0
4114210	主核：爱_绿_闪	2	12	18	25	31	38	45	0	0	0	0	0	0	0	0	0
4114310	主核：爱_蓝_闪	3	13	24	35	46	57	68	79	90	101	0	0	0	0	0	0
4114410	主核：爱_紫_闪	4	14	30	47	63	80	96	113	129	146	162	179	195	0	0	0
4114510	主核：爱_橙_闪	5	15	48	81	114	147	180	213	246	279	312	345	378	411	444	477
4115110	主核：驱散_白_闪	1	11	16	22	0	0	0	0	0	0	0	0	0	0	0	0
4115210	主核：驱散_绿_闪	2	12	18	25	31	38	45	0	0	0	0	0	0	0	0	0
4115310	主核：驱散_蓝_闪	3	13	24	35	46	57	68	79	90	101	0	0	0	0	0	0
4115410	主核：驱散_紫_闪	4	14	30	47	63	80	96	113	129	146	162	179	195	0	0	0
4115510	主核：驱散_橙_闪	5	15	48	81	114	147	180	213	246	279	312	345	378	411	444	477
4116110	主核：制衡_白_闪	1	11	16	22	0	0	0	0	0	0	0	0	0	0	0	0
4116210	主核：制衡_绿_闪	2	12	18	25	31	38	45	0	0	0	0	0	0	0	0	0
4116310	主核：制衡_蓝_闪	3	13	24	35	46	57	68	79	90	101	0	0	0	0	0	0
4116410	主核：制衡_紫_闪	4	14	30	47	63	80	96	113	129	146	162	179	195	0	0	0
4116510	主核：制衡_橙_闪	5	15	48	81	114	147	180	213	246	279	312	345	378	411	444	477
4117110	主核：电极火花_白_闪	1	11	16	22	0	0	0	0	0	0	0	0	0	0	0	0
4117210	主核：电极火花_绿_闪	2	12	18	25	31	38	45	0	0	0	0	0	0	0	0	0
4117310	主核：电极火花_蓝_闪	3	13	24	35	46	57	68	79	90	101	0	0	0	0	0	0
4117410	主核：电极火花_紫_闪	4	14	30	47	63	80	96	113	129	146	162	179	195	0	0	0
4117510	主核：电极火花_橙_闪	5	15	48	81	114	147	180	213	246	279	312	345	378	411	444	477
4118110	主核：热感扫描_白_闪	1	11	16	22	0	0	0	0	0	0	0	0	0	0	0	0
4118210	主核：热感扫描_绿_闪	2	12	18	25	31	38	45	0	0	0	0	0	0	0	0	0
4118310	主核：热感扫描_蓝_闪	3	13	24	35	46	57	68	79	90	101	0	0	0	0	0	0
4118410	主核：热感扫描_紫_闪	4	14	30	47	63	80	96	113	129	146	162	179	195	0	0	0
4118510	主核：热感扫描_橙_闪	5	15	48	81	114	147	180	213	246	279	312	345	378	411	444	477
4119110	主核：增幅晶球_白_闪	1	11	16	22	0	0	0	0	0	0	0	0	0	0	0	0
4119210	主核：增幅晶球_绿_闪	2	12	18	25	31	38	45	0	0	0	0	0	0	0	0	0
4119310	主核：增幅晶球_蓝_闪	3	13	24	35	46	57	68	79	90	101	0	0	0	0	0	0
4119410	主核：增幅晶球_紫_闪	4	14	30	47	63	80	96	113	129	146	162	179	195	0	0	0
4119510	主核：增幅晶球_橙_闪	5	15	48	81	114	147	180	213	246	279	312	345	378	411	444	477
4120110	主核：万用绷带_白_闪	1	11	16	22	0	0	0	0	0	0	0	0	0	0	0	0
4120210	主核：万用绷带_绿_闪	2	12	18	25	31	38	45	0	0	0	0	0	0	0	0	0
4120310	主核：万用绷带_蓝_闪	3	13	24	35	46	57	68	79	90	101	0	0	0	0	0	0
4120410	主核：万用绷带_紫_闪	4	14	30	47	63	80	96	113	129	146	162	179	195	0	0	0
4120510	主核：万用绷带_橙_闪	5	15	48	81	114	147	180	213	246	279	312	345	378	411	444	477
4121110	主核：格斗冠军_白_闪	1	11	16	22	0	0	0	0	0	0	0	0	0	0	0	0
4121210	主核：格斗冠军_绿_闪	2	12	18	25	31	38	45	0	0	0	0	0	0	0	0	0
4121310	主核：格斗冠军_蓝_闪	3	13	24	35	46	57	68	79	90	101	0	0	0	0	0	0
4121410	主核：格斗冠军_紫_闪	4	14	30	47	63	80	96	113	129	146	162	179	195	0	0	0
4121510	主核：格斗冠军_橙_闪	5	15	48	81	114	147	180	213	246	279	312	345	378	411	444	477
4122110	主核：爆焰徽章_白_闪	1	11	16	22	0	0	0	0	0	0	0	0	0	0	0	0
4122210	主核：爆焰徽章_绿_闪	2	12	18	25	31	38	45	0	0	0	0	0	0	0	0	0
4122310	主核：爆焰徽章_蓝_闪	3	13	24	35	46	57	68	79	90	101	0	0	0	0	0	0
4122410	主核：爆焰徽章_紫_闪	4	14	30	47	63	80	96	113	129	146	162	179	195	0	0	0
4122510	主核：爆焰徽章_橙_闪	5	15	48	81	114	147	180	213	246	279	312	345	378	411	444	477
4201110	幸运：位置2_白_闪	1	11	16	22	0	0	0	0	0	0	0	0	0	0	0	0
4201210	幸运：位置2_绿_闪	2	12	18	25	31	38	45	0	0	0	0	0	0	0	0	0
4201310	幸运：位置2_蓝_闪	3	13	24	35	46	57	68	79	90	101	0	0	0	0	0	0
4201410	幸运：位置2_紫_闪	4	14	30	47	63	80	96	113	129	146	162	179	195	0	0	0
4201510	幸运：位置2_橙_闪	5	15	48	81	114	147	180	213	246	279	312	345	378	411	444	477
4301110	幸运：位置3_白_闪	1	11	16	22	0	0	0	0	0	0	0	0	0	0	0	0
4301210	幸运：位置3_绿_闪	2	12	18	25	31	38	45	0	0	0	0	0	0	0	0	0
4301310	幸运：位置3_蓝_闪	3	13	24	35	46	57	68	79	90	101	0	0	0	0	0	0
4301410	幸运：位置3_紫_闪	4	14	30	47	63	80	96	113	129	146	162	179	195	0	0	0
4301510	幸运：位置3_橙_闪	5	15	48	81	114	147	180	213	246	279	312	345	378	411	444	477
4401110	幸运：位置4_白_闪	1	11	16	22	0	0	0	0	0	0	0	0	0	0	0	0
4401210	幸运：位置4_绿_闪	2	12	18	25	31	38	45	0	0	0	0	0	0	0	0	0
4401310	幸运：位置4_蓝_闪	3	13	24	35	46	57	68	79	90	101	0	0	0	0	0	0
4401410	幸运：位置4_紫_闪	4	14	30	47	63	80	96	113	129	146	162	179	195	0	0	0
4401510	幸运：位置4_橙_闪	5	15	48	81	114	147	180	213	246	279	312	345	378	411	444	477
4202110	聚能：位置2_白_闪	1	11	16	22	0	0	0	0	0	0	0	0	0	0	0	0
4202210	聚能：位置2_绿_闪	2	12	18	25	31	38	45	0	0	0	0	0	0	0	0	0
4202310	聚能：位置2_蓝_闪	3	13	24	35	46	57	68	79	90	101	0	0	0	0	0	0
4202410	聚能：位置2_紫_闪	4	14	30	47	63	80	96	113	129	146	162	179	195	0	0	0
4202510	聚能：位置2_橙_闪	5	15	48	81	114	147	180	213	246	279	312	345	378	411	444	477
4302110	聚能：位置3_白_闪	1	11	16	22	0	0	0	0	0	0	0	0	0	0	0	0
4302210	聚能：位置3_绿_闪	2	12	18	25	31	38	45	0	0	0	0	0	0	0	0	0
4302310	聚能：位置3_蓝_闪	3	13	24	35	46	57	68	79	90	101	0	0	0	0	0	0
4302410	聚能：位置3_紫_闪	4	14	30	47	63	80	96	113	129	146	162	179	195	0	0	0
4302510	聚能：位置3_橙_闪	5	15	48	81	114	147	180	213	246	279	312	345	378	411	444	477
4402110	聚能：位置4_白_闪	1	11	16	22	0	0	0	0	0	0	0	0	0	0	0	0
4402210	聚能：位置4_绿_闪	2	12	18	25	31	38	45	0	0	0	0	0	0	0	0	0
4402310	聚能：位置4_蓝_闪	3	13	24	35	46	57	68	79	90	101	0	0	0	0	0	0
4402410	聚能：位置4_紫_闪	4	14	30	47	63	80	96	113	129	146	162	179	195	0	0	0
4402510	聚能：位置4_橙_闪	5	15	48	81	114	147	180	213	246	279	312	345	378	411	444	477
4203110	窃夺：位置2_白_闪	1	11	16	22	0	0	0	0	0	0	0	0	0	0	0	0
4203210	窃夺：位置2_绿_闪	2	12	18	25	31	38	45	0	0	0	0	0	0	0	0	0
4203310	窃夺：位置2_蓝_闪	3	13	24	35	46	57	68	79	90	101	0	0	0	0	0	0
4203410	窃夺：位置2_紫_闪	4	14	30	47	63	80	96	113	129	146	162	179	195	0	0	0
4203510	窃夺：位置2_橙_闪	5	15	48	81	114	147	180	213	246	279	312	345	378	411	444	477
4303110	窃夺：位置3_白_闪	1	11	16	22	0	0	0	0	0	0	0	0	0	0	0	0
4303210	窃夺：位置3_绿_闪	2	12	18	25	31	38	45	0	0	0	0	0	0	0	0	0
4303310	窃夺：位置3_蓝_闪	3	13	24	35	46	57	68	79	90	101	0	0	0	0	0	0
4303410	窃夺：位置3_紫_闪	4	14	30	47	63	80	96	113	129	146	162	179	195	0	0	0
4303510	窃夺：位置3_橙_闪	5	15	48	81	114	147	180	213	246	279	312	345	378	411	444	477
4403110	窃夺：位置4_白_闪	1	11	16	22	0	0	0	0	0	0	0	0	0	0	0	0
4403210	窃夺：位置4_绿_闪	2	12	18	25	31	38	45	0	0	0	0	0	0	0	0	0
4403310	窃夺：位置4_蓝_闪	3	13	24	35	46	57	68	79	90	101	0	0	0	0	0	0
4403410	窃夺：位置4_紫_闪	4	14	30	47	63	80	96	113	129	146	162	179	195	0	0	0
4403510	窃夺：位置4_橙_闪	5	15	48	81	114	147	180	213	246	279	312	345	378	411	444	477
4204110	先制：位置2_白_闪	1	11	16	22	0	0	0	0	0	0	0	0	0	0	0	0
4204210	先制：位置2_绿_闪	2	12	18	25	31	38	45	0	0	0	0	0	0	0	0	0
4204310	先制：位置2_蓝_闪	3	13	24	35	46	57	68	79	90	101	0	0	0	0	0	0
4204410	先制：位置2_紫_闪	4	14	30	47	63	80	96	113	129	146	162	179	195	0	0	0
4204510	先制：位置2_橙_闪	5	15	48	81	114	147	180	213	246	279	312	345	378	411	444	477
4304110	先制：位置3_白_闪	1	11	16	22	0	0	0	0	0	0	0	0	0	0	0	0
4304210	先制：位置3_绿_闪	2	12	18	25	31	38	45	0	0	0	0	0	0	0	0	0
4304310	先制：位置3_蓝_闪	3	13	24	35	46	57	68	79	90	101	0	0	0	0	0	0
4304410	先制：位置3_紫_闪	4	14	30	47	63	80	96	113	129	146	162	179	195	0	0	0
4304510	先制：位置3_橙_闪	5	15	48	81	114	147	180	213	246	279	312	345	378	411	444	477
4404110	先制：位置4_白_闪	1	11	16	22	0	0	0	0	0	0	0	0	0	0	0	0
4404210	先制：位置4_绿_闪	2	12	18	25	31	38	45	0	0	0	0	0	0	0	0	0
4404310	先制：位置4_蓝_闪	3	13	24	35	46	57	68	79	90	101	0	0	0	0	0	0
4404410	先制：位置4_紫_闪	4	14	30	47	63	80	96	113	129	146	162	179	195	0	0	0
4404510	先制：位置4_橙_闪	5	15	48	81	114	147	180	213	246	279	312	345	378	411	444	477
4205110	共振：位置2_白_闪	1	11	16	22	0	0	0	0	0	0	0	0	0	0	0	0
4205210	共振：位置2_绿_闪	2	12	18	25	31	38	45	0	0	0	0	0	0	0	0	0
4205310	共振：位置2_蓝_闪	3	13	24	35	46	57	68	79	90	101	0	0	0	0	0	0
4205410	共振：位置2_紫_闪	4	14	30	47	63	80	96	113	129	146	162	179	195	0	0	0
4205510	共振：位置2_橙_闪	5	15	48	81	114	147	180	213	246	279	312	345	378	411	444	477
4305110	共振：位置3_白_闪	1	11	16	22	0	0	0	0	0	0	0	0	0	0	0	0
4305210	共振：位置3_绿_闪	2	12	18	25	31	38	45	0	0	0	0	0	0	0	0	0
4305310	共振：位置3_蓝_闪	3	13	24	35	46	57	68	79	90	101	0	0	0	0	0	0
4305410	共振：位置3_紫_闪	4	14	30	47	63	80	96	113	129	146	162	179	195	0	0	0
4305510	共振：位置3_橙_闪	5	15	48	81	114	147	180	213	246	279	312	345	378	411	444	477
4405110	共振：位置4_白_闪	1	11	16	22	0	0	0	0	0	0	0	0	0	0	0	0
4405210	共振：位置4_绿_闪	2	12	18	25	31	38	45	0	0	0	0	0	0	0	0	0
4405310	共振：位置4_蓝_闪	3	13	24	35	46	57	68	79	90	101	0	0	0	0	0	0
4405410	共振：位置4_紫_闪	4	14	30	47	63	80	96	113	129	146	162	179	195	0	0	0
4405510	共振：位置4_橙_闪	5	15	48	81	114	147	180	213	246	279	312	345	378	411	444	477
4206110	终结：位置2_白_闪	1	11	16	22	0	0	0	0	0	0	0	0	0	0	0	0
4206210	终结：位置2_绿_闪	2	12	18	25	31	38	45	0	0	0	0	0	0	0	0	0
4206310	终结：位置2_蓝_闪	3	13	24	35	46	57	68	79	90	101	0	0	0	0	0	0
4206410	终结：位置2_紫_闪	4	14	30	47	63	80	96	113	129	146	162	179	195	0	0	0
4206510	终结：位置2_橙_闪	5	15	48	81	114	147	180	213	246	279	312	345	378	411	444	477
4306110	终结：位置3_白_闪	1	11	16	22	0	0	0	0	0	0	0	0	0	0	0	0
4306210	终结：位置3_绿_闪	2	12	18	25	31	38	45	0	0	0	0	0	0	0	0	0
4306310	终结：位置3_蓝_闪	3	13	24	35	46	57	68	79	90	101	0	0	0	0	0	0
4306410	终结：位置3_紫_闪	4	14	30	47	63	80	96	113	129	146	162	179	195	0	0	0
4306510	终结：位置3_橙_闪	5	15	48	81	114	147	180	213	246	279	312	345	378	411	444	477
4406110	终结：位置4_白_闪	1	11	16	22	0	0	0	0	0	0	0	0	0	0	0	0
4406210	终结：位置4_绿_闪	2	12	18	25	31	38	45	0	0	0	0	0	0	0	0	0
4406310	终结：位置4_蓝_闪	3	13	24	35	46	57	68	79	90	101	0	0	0	0	0	0
4406410	终结：位置4_紫_闪	4	14	30	47	63	80	96	113	129	146	162	179	195	0	0	0
4406510	终结：位置4_橙_闪	5	15	48	81	114	147	180	213	246	279	312	345	378	411	444	477
4207110	破甲：位置2_白_闪	1	11	16	22	0	0	0	0	0	0	0	0	0	0	0	0
4207210	破甲：位置2_绿_闪	2	12	18	25	31	38	45	0	0	0	0	0	0	0	0	0
4207310	破甲：位置2_蓝_闪	3	13	24	35	46	57	68	79	90	101	0	0	0	0	0	0
4207410	破甲：位置2_紫_闪	4	14	30	47	63	80	96	113	129	146	162	179	195	0	0	0
4207510	破甲：位置2_橙_闪	5	15	48	81	114	147	180	213	246	279	312	345	378	411	444	477
4307110	破甲：位置3_白_闪	1	11	16	22	0	0	0	0	0	0	0	0	0	0	0	0
4307210	破甲：位置3_绿_闪	2	12	18	25	31	38	45	0	0	0	0	0	0	0	0	0
4307310	破甲：位置3_蓝_闪	3	13	24	35	46	57	68	79	90	101	0	0	0	0	0	0
4307410	破甲：位置3_紫_闪	4	14	30	47	63	80	96	113	129	146	162	179	195	0	0	0
4307510	破甲：位置3_橙_闪	5	15	48	81	114	147	180	213	246	279	312	345	378	411	444	477
4407110	破甲：位置4_白_闪	1	11	16	22	0	0	0	0	0	0	0	0	0	0	0	0
4407210	破甲：位置4_绿_闪	2	12	18	25	31	38	45	0	0	0	0	0	0	0	0	0
4407310	破甲：位置4_蓝_闪	3	13	24	35	46	57	68	79	90	101	0	0	0	0	0	0
4407410	破甲：位置4_紫_闪	4	14	30	47	63	80	96	113	129	146	162	179	195	0	0	0
4407510	破甲：位置4_橙_闪	5	15	48	81	114	147	180	213	246	279	312	345	378	411	444	477
4208110	坚韧：位置2_白_闪	1	11	16	22	0	0	0	0	0	0	0	0	0	0	0	0
4208210	坚韧：位置2_绿_闪	2	12	18	25	31	38	45	0	0	0	0	0	0	0	0	0
4208310	坚韧：位置2_蓝_闪	3	13	24	35	46	57	68	79	90	101	0	0	0	0	0	0
4208410	坚韧：位置2_紫_闪	4	14	30	47	63	80	96	113	129	146	162	179	195	0	0	0
4208510	坚韧：位置2_橙_闪	5	15	48	81	114	147	180	213	246	279	312	345	378	411	444	477
4308110	坚韧：位置3_白_闪	1	11	16	22	0	0	0	0	0	0	0	0	0	0	0	0
4308210	坚韧：位置3_绿_闪	2	12	18	25	31	38	45	0	0	0	0	0	0	0	0	0
4308310	坚韧：位置3_蓝_闪	3	13	24	35	46	57	68	79	90	101	0	0	0	0	0	0
4308410	坚韧：位置3_紫_闪	4	14	30	47	63	80	96	113	129	146	162	179	195	0	0	0
4308510	坚韧：位置3_橙_闪	5	15	48	81	114	147	180	213	246	279	312	345	378	411	444	477
4408110	坚韧：位置4_白_闪	1	11	16	22	0	0	0	0	0	0	0	0	0	0	0	0
4408210	坚韧：位置4_绿_闪	2	12	18	25	31	38	45	0	0	0	0	0	0	0	0	0
4408310	坚韧：位置4_蓝_闪	3	13	24	35	46	57	68	79	90	101	0	0	0	0	0	0
4408410	坚韧：位置4_紫_闪	4	14	30	47	63	80	96	113	129	146	162	179	195	0	0	0
4408510	坚韧：位置4_橙_闪	5	15	48	81	114	147	180	213	246	279	312	345	378	411	444	477
4209110	钢骨：位置2_白_闪	1	11	16	22	0	0	0	0	0	0	0	0	0	0	0	0
4209210	钢骨：位置2_绿_闪	2	12	18	25	31	38	45	0	0	0	0	0	0	0	0	0
4209310	钢骨：位置2_蓝_闪	3	13	24	35	46	57	68	79	90	101	0	0	0	0	0	0
4209410	钢骨：位置2_紫_闪	4	14	30	47	63	80	96	113	129	146	162	179	195	0	0	0
4209510	钢骨：位置2_橙_闪	5	15	48	81	114	147	180	213	246	279	312	345	378	411	444	477
4309110	钢骨：位置3_白_闪	1	11	16	22	0	0	0	0	0	0	0	0	0	0	0	0
4309210	钢骨：位置3_绿_闪	2	12	18	25	31	38	45	0	0	0	0	0	0	0	0	0
4309310	钢骨：位置3_蓝_闪	3	13	24	35	46	57	68	79	90	101	0	0	0	0	0	0
4309410	钢骨：位置3_紫_闪	4	14	30	47	63	80	96	113	129	146	162	179	195	0	0	0
4309510	钢骨：位置3_橙_闪	5	15	48	81	114	147	180	213	246	279	312	345	378	411	444	477
4409110	钢骨：位置4_白_闪	1	11	16	22	0	0	0	0	0	0	0	0	0	0	0	0
4409210	钢骨：位置4_绿_闪	2	12	18	25	31	38	45	0	0	0	0	0	0	0	0	0
4409310	钢骨：位置4_蓝_闪	3	13	24	35	46	57	68	79	90	101	0	0	0	0	0	0
4409410	钢骨：位置4_紫_闪	4	14	30	47	63	80	96	113	129	146	162	179	195	0	0	0
4409510	钢骨：位置4_橙_闪	5	15	48	81	114	147	180	213	246	279	312	345	378	411	444	477
4210110	不屈：位置2_白_闪	1	11	16	22	0	0	0	0	0	0	0	0	0	0	0	0
4210210	不屈：位置2_绿_闪	2	12	18	25	31	38	45	0	0	0	0	0	0	0	0	0
4210310	不屈：位置2_蓝_闪	3	13	24	35	46	57	68	79	90	101	0	0	0	0	0	0
4210410	不屈：位置2_紫_闪	4	14	30	47	63	80	96	113	129	146	162	179	195	0	0	0
4210510	不屈：位置2_橙_闪	5	15	48	81	114	147	180	213	246	279	312	345	378	411	444	477
4310110	不屈：位置3_白_闪	1	11	16	22	0	0	0	0	0	0	0	0	0	0	0	0
4310210	不屈：位置3_绿_闪	2	12	18	25	31	38	45	0	0	0	0	0	0	0	0	0
4310310	不屈：位置3_蓝_闪	3	13	24	35	46	57	68	79	90	101	0	0	0	0	0	0
4310410	不屈：位置3_紫_闪	4	14	30	47	63	80	96	113	129	146	162	179	195	0	0	0
4310510	不屈：位置3_橙_闪	5	15	48	81	114	147	180	213	246	279	312	345	378	411	444	477
4410110	不屈：位置4_白_闪	1	11	16	22	0	0	0	0	0	0	0	0	0	0	0	0
4410210	不屈：位置4_绿_闪	2	12	18	25	31	38	45	0	0	0	0	0	0	0	0	0
4410310	不屈：位置4_蓝_闪	3	13	24	35	46	57	68	79	90	101	0	0	0	0	0	0
4410410	不屈：位置4_紫_闪	4	14	30	47	63	80	96	113	129	146	162	179	195	0	0	0
4410510	不屈：位置4_橙_闪	5	15	48	81	114	147	180	213	246	279	312	345	378	411	444	477
4211110	磐石：位置2_白_闪	1	11	16	22	0	0	0	0	0	0	0	0	0	0	0	0
4211210	磐石：位置2_绿_闪	2	12	18	25	31	38	45	0	0	0	0	0	0	0	0	0
4211310	磐石：位置2_蓝_闪	3	13	24	35	46	57	68	79	90	101	0	0	0	0	0	0
4211410	磐石：位置2_紫_闪	4	14	30	47	63	80	96	113	129	146	162	179	195	0	0	0
4211510	磐石：位置2_橙_闪	5	15	48	81	114	147	180	213	246	279	312	345	378	411	444	477
4311110	磐石：位置3_白_闪	1	11	16	22	0	0	0	0	0	0	0	0	0	0	0	0
4311210	磐石：位置3_绿_闪	2	12	18	25	31	38	45	0	0	0	0	0	0	0	0	0
4311310	磐石：位置3_蓝_闪	3	13	24	35	46	57	68	79	90	101	0	0	0	0	0	0
4311410	磐石：位置3_紫_闪	4	14	30	47	63	80	96	113	129	146	162	179	195	0	0	0
4311510	磐石：位置3_橙_闪	5	15	48	81	114	147	180	213	246	279	312	345	378	411	444	477
4411110	磐石：位置4_白_闪	1	11	16	22	0	0	0	0	0	0	0	0	0	0	0	0
4411210	磐石：位置4_绿_闪	2	12	18	25	31	38	45	0	0	0	0	0	0	0	0	0
4411310	磐石：位置4_蓝_闪	3	13	24	35	46	57	68	79	90	101	0	0	0	0	0	0
4411410	磐石：位置4_紫_闪	4	14	30	47	63	80	96	113	129	146	162	179	195	0	0	0
4411510	磐石：位置4_橙_闪	5	15	48	81	114	147	180	213	246	279	312	345	378	411	444	477
4212110	激励：位置2_白_闪	1	11	16	22	0	0	0	0	0	0	0	0	0	0	0	0
4212210	激励：位置2_绿_闪	2	12	18	25	31	38	45	0	0	0	0	0	0	0	0	0
4212310	激励：位置2_蓝_闪	3	13	24	35	46	57	68	79	90	101	0	0	0	0	0	0
4212410	激励：位置2_紫_闪	4	14	30	47	63	80	96	113	129	146	162	179	195	0	0	0
4212510	激励：位置2_橙_闪	5	15	48	81	114	147	180	213	246	279	312	345	378	411	444	477
4312110	激励：位置3_白_闪	1	11	16	22	0	0	0	0	0	0	0	0	0	0	0	0
4312210	激励：位置3_绿_闪	2	12	18	25	31	38	45	0	0	0	0	0	0	0	0	0
4312310	激励：位置3_蓝_闪	3	13	24	35	46	57	68	79	90	101	0	0	0	0	0	0
4312410	激励：位置3_紫_闪	4	14	30	47	63	80	96	113	129	146	162	179	195	0	0	0
4312510	激励：位置3_橙_闪	5	15	48	81	114	147	180	213	246	279	312	345	378	411	444	477
4412110	激励：位置4_白_闪	1	11	16	22	0	0	0	0	0	0	0	0	0	0	0	0
4412210	激励：位置4_绿_闪	2	12	18	25	31	38	45	0	0	0	0	0	0	0	0	0
4412310	激励：位置4_蓝_闪	3	13	24	35	46	57	68	79	90	101	0	0	0	0	0	0
4412410	激励：位置4_紫_闪	4	14	30	47	63	80	96	113	129	146	162	179	195	0	0	0
4412510	激励：位置4_橙_闪	5	15	48	81	114	147	180	213	246	279	312	345	378	411	444	477
4213110	守护：位置2_白_闪	1	11	16	22	0	0	0	0	0	0	0	0	0	0	0	0
4213210	守护：位置2_绿_闪	2	12	18	25	31	38	45	0	0	0	0	0	0	0	0	0
4213310	守护：位置2_蓝_闪	3	13	24	35	46	57	68	79	90	101	0	0	0	0	0	0
4213410	守护：位置2_紫_闪	4	14	30	47	63	80	96	113	129	146	162	179	195	0	0	0
4213510	守护：位置2_橙_闪	5	15	48	81	114	147	180	213	246	279	312	345	378	411	444	477
4313110	守护：位置3_白_闪	1	11	16	22	0	0	0	0	0	0	0	0	0	0	0	0
4313210	守护：位置3_绿_闪	2	12	18	25	31	38	45	0	0	0	0	0	0	0	0	0
4313310	守护：位置3_蓝_闪	3	13	24	35	46	57	68	79	90	101	0	0	0	0	0	0
4313410	守护：位置3_紫_闪	4	14	30	47	63	80	96	113	129	146	162	179	195	0	0	0
4313510	守护：位置3_橙_闪	5	15	48	81	114	147	180	213	246	279	312	345	378	411	444	477
4413110	守护：位置4_白_闪	1	11	16	22	0	0	0	0	0	0	0	0	0	0	0	0
4413210	守护：位置4_绿_闪	2	12	18	25	31	38	45	0	0	0	0	0	0	0	0	0
4413310	守护：位置4_蓝_闪	3	13	24	35	46	57	68	79	90	101	0	0	0	0	0	0
4413410	守护：位置4_紫_闪	4	14	30	47	63	80	96	113	129	146	162	179	195	0	0	0
4413510	守护：位置4_橙_闪	5	15	48	81	114	147	180	213	246	279	312	345	378	411	444	477
4214110	大爱：位置2_白_闪	1	11	16	22	0	0	0	0	0	0	0	0	0	0	0	0
4214210	大爱：位置2_绿_闪	2	12	18	25	31	38	45	0	0	0	0	0	0	0	0	0
4214310	大爱：位置2_蓝_闪	3	13	24	35	46	57	68	79	90	101	0	0	0	0	0	0
4214410	大爱：位置2_紫_闪	4	14	30	47	63	80	96	113	129	146	162	179	195	0	0	0
4214510	大爱：位置2_橙_闪	5	15	48	81	114	147	180	213	246	279	312	345	378	411	444	477
4314110	大爱：位置3_白_闪	1	11	16	22	0	0	0	0	0	0	0	0	0	0	0	0
4314210	大爱：位置3_绿_闪	2	12	18	25	31	38	45	0	0	0	0	0	0	0	0	0
4314310	大爱：位置3_蓝_闪	3	13	24	35	46	57	68	79	90	101	0	0	0	0	0	0
4314410	大爱：位置3_紫_闪	4	14	30	47	63	80	96	113	129	146	162	179	195	0	0	0
4314510	大爱：位置3_橙_闪	5	15	48	81	114	147	180	213	246	279	312	345	378	411	444	477
4414110	大爱：位置4_白_闪	1	11	16	22	0	0	0	0	0	0	0	0	0	0	0	0
4414210	大爱：位置4_绿_闪	2	12	18	25	31	38	45	0	0	0	0	0	0	0	0	0
4414310	大爱：位置4_蓝_闪	3	13	24	35	46	57	68	79	90	101	0	0	0	0	0	0
4414410	大爱：位置4_紫_闪	4	14	30	47	63	80	96	113	129	146	162	179	195	0	0	0
4414510	大爱：位置4_橙_闪	5	15	48	81	114	147	180	213	246	279	312	345	378	411	444	477
4215110	驱散：位置2_白_闪	1	11	16	22	0	0	0	0	0	0	0	0	0	0	0	0
4215210	驱散：位置2_绿_闪	2	12	18	25	31	38	45	0	0	0	0	0	0	0	0	0
4215310	驱散：位置2_蓝_闪	3	13	24	35	46	57	68	79	90	101	0	0	0	0	0	0
4215410	驱散：位置2_紫_闪	4	14	30	47	63	80	96	113	129	146	162	179	195	0	0	0
4215510	驱散：位置2_橙_闪	5	15	48	81	114	147	180	213	246	279	312	345	378	411	444	477
4315110	驱散：位置3_白_闪	1	11	16	22	0	0	0	0	0	0	0	0	0	0	0	0
4315210	驱散：位置3_绿_闪	2	12	18	25	31	38	45	0	0	0	0	0	0	0	0	0
4315310	驱散：位置3_蓝_闪	3	13	24	35	46	57	68	79	90	101	0	0	0	0	0	0
4315410	驱散：位置3_紫_闪	4	14	30	47	63	80	96	113	129	146	162	179	195	0	0	0
4315510	驱散：位置3_橙_闪	5	15	48	81	114	147	180	213	246	279	312	345	378	411	444	477
4415110	驱散：位置4_白_闪	1	11	16	22	0	0	0	0	0	0	0	0	0	0	0	0
4415210	驱散：位置4_绿_闪	2	12	18	25	31	38	45	0	0	0	0	0	0	0	0	0
4415310	驱散：位置4_蓝_闪	3	13	24	35	46	57	68	79	90	101	0	0	0	0	0	0
4415410	驱散：位置4_紫_闪	4	14	30	47	63	80	96	113	129	146	162	179	195	0	0	0
4415510	驱散：位置4_橙_闪	5	15	48	81	114	147	180	213	246	279	312	345	378	411	444	477
4216110	制衡：位置2_白_闪	1	11	16	22	0	0	0	0	0	0	0	0	0	0	0	0
4216210	制衡：位置2_绿_闪	2	12	18	25	31	38	45	0	0	0	0	0	0	0	0	0
4216310	制衡：位置2_蓝_闪	3	13	24	35	46	57	68	79	90	101	0	0	0	0	0	0
4216410	制衡：位置2_紫_闪	4	14	30	47	63	80	96	113	129	146	162	179	195	0	0	0
4216510	制衡：位置2_橙_闪	5	15	48	81	114	147	180	213	246	279	312	345	378	411	444	477
4316110	制衡：位置3_白_闪	1	11	16	22	0	0	0	0	0	0	0	0	0	0	0	0
4316210	制衡：位置3_绿_闪	2	12	18	25	31	38	45	0	0	0	0	0	0	0	0	0
4316310	制衡：位置3_蓝_闪	3	13	24	35	46	57	68	79	90	101	0	0	0	0	0	0
4316410	制衡：位置3_紫_闪	4	14	30	47	63	80	96	113	129	146	162	179	195	0	0	0
4316510	制衡：位置3_橙_闪	5	15	48	81	114	147	180	213	246	279	312	345	378	411	444	477
4416110	制衡：位置4_白_闪	1	11	16	22	0	0	0	0	0	0	0	0	0	0	0	0
4416210	制衡：位置4_绿_闪	2	12	18	25	31	38	45	0	0	0	0	0	0	0	0	0
4416310	制衡：位置4_蓝_闪	3	13	24	35	46	57	68	79	90	101	0	0	0	0	0	0
4416410	制衡：位置4_紫_闪	4	14	30	47	63	80	96	113	129	146	162	179	195	0	0	0
4416510	制衡：位置4_橙_闪	5	15	48	81	114	147	180	213	246	279	312	345	378	411	444	477
4217110	电极火花：位置2_白_闪	1	11	16	22	0	0	0	0	0	0	0	0	0	0	0	0
4217210	电极火花：位置2_绿_闪	2	12	18	25	31	38	45	0	0	0	0	0	0	0	0	0
4217310	电极火花：位置2_蓝_闪	3	13	24	35	46	57	68	79	90	101	0	0	0	0	0	0
4217410	电极火花：位置2_紫_闪	4	14	30	47	63	80	96	113	129	146	162	179	195	0	0	0
4217510	电极火花：位置2_橙_闪	5	15	48	81	114	147	180	213	246	279	312	345	378	411	444	477
4317110	电极火花：位置3_白_闪	1	11	16	22	0	0	0	0	0	0	0	0	0	0	0	0
4317210	电极火花：位置3_绿_闪	2	12	18	25	31	38	45	0	0	0	0	0	0	0	0	0
4317310	电极火花：位置3_蓝_闪	3	13	24	35	46	57	68	79	90	101	0	0	0	0	0	0
4317410	电极火花：位置3_紫_闪	4	14	30	47	63	80	96	113	129	146	162	179	195	0	0	0
4317510	电极火花：位置3_橙_闪	5	15	48	81	114	147	180	213	246	279	312	345	378	411	444	477
4417110	电极火花：位置4_白_闪	1	11	16	22	0	0	0	0	0	0	0	0	0	0	0	0
4417210	电极火花：位置4_绿_闪	2	12	18	25	31	38	45	0	0	0	0	0	0	0	0	0
4417310	电极火花：位置4_蓝_闪	3	13	24	35	46	57	68	79	90	101	0	0	0	0	0	0
4417410	电极火花：位置4_紫_闪	4	14	30	47	63	80	96	113	129	146	162	179	195	0	0	0
4417510	电极火花：位置4_橙_闪	5	15	48	81	114	147	180	213	246	279	312	345	378	411	444	477
4218110	热感扫描：位置2_白_闪	1	11	16	22	0	0	0	0	0	0	0	0	0	0	0	0
4218210	热感扫描：位置2_绿_闪	2	12	18	25	31	38	45	0	0	0	0	0	0	0	0	0
4218310	热感扫描：位置2_蓝_闪	3	13	24	35	46	57	68	79	90	101	0	0	0	0	0	0
4218410	热感扫描：位置2_紫_闪	4	14	30	47	63	80	96	113	129	146	162	179	195	0	0	0
4218510	热感扫描：位置2_橙_闪	5	15	48	81	114	147	180	213	246	279	312	345	378	411	444	477
4318110	热感扫描：位置3_白_闪	1	11	16	22	0	0	0	0	0	0	0	0	0	0	0	0
4318210	热感扫描：位置3_绿_闪	2	12	18	25	31	38	45	0	0	0	0	0	0	0	0	0
4318310	热感扫描：位置3_蓝_闪	3	13	24	35	46	57	68	79	90	101	0	0	0	0	0	0
4318410	热感扫描：位置3_紫_闪	4	14	30	47	63	80	96	113	129	146	162	179	195	0	0	0
4318510	热感扫描：位置3_橙_闪	5	15	48	81	114	147	180	213	246	279	312	345	378	411	444	477
4418110	热感扫描：位置4_白_闪	1	11	16	22	0	0	0	0	0	0	0	0	0	0	0	0
4418210	热感扫描：位置4_绿_闪	2	12	18	25	31	38	45	0	0	0	0	0	0	0	0	0
4418310	热感扫描：位置4_蓝_闪	3	13	24	35	46	57	68	79	90	101	0	0	0	0	0	0
4418410	热感扫描：位置4_紫_闪	4	14	30	47	63	80	96	113	129	146	162	179	195	0	0	0
4418510	热感扫描：位置4_橙_闪	5	15	48	81	114	147	180	213	246	279	312	345	378	411	444	477
4219110	增幅晶球：位置2_白_闪	1	11	16	22	0	0	0	0	0	0	0	0	0	0	0	0
4219210	增幅晶球：位置2_绿_闪	2	12	18	25	31	38	45	0	0	0	0	0	0	0	0	0
4219310	增幅晶球：位置2_蓝_闪	3	13	24	35	46	57	68	79	90	101	0	0	0	0	0	0
4219410	增幅晶球：位置2_紫_闪	4	14	30	47	63	80	96	113	129	146	162	179	195	0	0	0
4219510	增幅晶球：位置2_橙_闪	5	15	48	81	114	147	180	213	246	279	312	345	378	411	444	477
4319110	增幅晶球：位置3_白_闪	1	11	16	22	0	0	0	0	0	0	0	0	0	0	0	0
4319210	增幅晶球：位置3_绿_闪	2	12	18	25	31	38	45	0	0	0	0	0	0	0	0	0
4319310	增幅晶球：位置3_蓝_闪	3	13	24	35	46	57	68	79	90	101	0	0	0	0	0	0
4319410	增幅晶球：位置3_紫_闪	4	14	30	47	63	80	96	113	129	146	162	179	195	0	0	0
4319510	增幅晶球：位置3_橙_闪	5	15	48	81	114	147	180	213	246	279	312	345	378	411	444	477
4419110	增幅晶球：位置4_白_闪	1	11	16	22	0	0	0	0	0	0	0	0	0	0	0	0
4419210	增幅晶球：位置4_绿_闪	2	12	18	25	31	38	45	0	0	0	0	0	0	0	0	0
4419310	增幅晶球：位置4_蓝_闪	3	13	24	35	46	57	68	79	90	101	0	0	0	0	0	0
4419410	增幅晶球：位置4_紫_闪	4	14	30	47	63	80	96	113	129	146	162	179	195	0	0	0
4419510	增幅晶球：位置4_橙_闪	5	15	48	81	114	147	180	213	246	279	312	345	378	411	444	477
4220110	万用绷带：位置2_白_闪	1	11	16	22	0	0	0	0	0	0	0	0	0	0	0	0
4220210	万用绷带：位置2_绿_闪	2	12	18	25	31	38	45	0	0	0	0	0	0	0	0	0
4220310	万用绷带：位置2_蓝_闪	3	13	24	35	46	57	68	79	90	101	0	0	0	0	0	0
4220410	万用绷带：位置2_紫_闪	4	14	30	47	63	80	96	113	129	146	162	179	195	0	0	0
4220510	万用绷带：位置2_橙_闪	5	15	48	81	114	147	180	213	246	279	312	345	378	411	444	477
4320110	万用绷带：位置3_白_闪	1	11	16	22	0	0	0	0	0	0	0	0	0	0	0	0
4320210	万用绷带：位置3_绿_闪	2	12	18	25	31	38	45	0	0	0	0	0	0	0	0	0
4320310	万用绷带：位置3_蓝_闪	3	13	24	35	46	57	68	79	90	101	0	0	0	0	0	0
4320410	万用绷带：位置3_紫_闪	4	14	30	47	63	80	96	113	129	146	162	179	195	0	0	0
4320510	万用绷带：位置3_橙_闪	5	15	48	81	114	147	180	213	246	279	312	345	378	411	444	477
4420110	万用绷带：位置4_白_闪	1	11	16	22	0	0	0	0	0	0	0	0	0	0	0	0
4420210	万用绷带：位置4_绿_闪	2	12	18	25	31	38	45	0	0	0	0	0	0	0	0	0
4420310	万用绷带：位置4_蓝_闪	3	13	24	35	46	57	68	79	90	101	0	0	0	0	0	0
4420410	万用绷带：位置4_紫_闪	4	14	30	47	63	80	96	113	129	146	162	179	195	0	0	0
4420510	万用绷带：位置4_橙_闪	5	15	48	81	114	147	180	213	246	279	312	345	378	411	444	477
4221110	格斗冠军：位置2_白_闪	1	11	16	22	0	0	0	0	0	0	0	0	0	0	0	0
4221210	格斗冠军：位置2_绿_闪	2	12	18	25	31	38	45	0	0	0	0	0	0	0	0	0
4221310	格斗冠军：位置2_蓝_闪	3	13	24	35	46	57	68	79	90	101	0	0	0	0	0	0
4221410	格斗冠军：位置2_紫_闪	4	14	30	47	63	80	96	113	129	146	162	179	195	0	0	0
4221510	格斗冠军：位置2_橙_闪	5	15	48	81	114	147	180	213	246	279	312	345	378	411	444	477
4321110	格斗冠军：位置3_白_闪	1	11	16	22	0	0	0	0	0	0	0	0	0	0	0	0
4321210	格斗冠军：位置3_绿_闪	2	12	18	25	31	38	45	0	0	0	0	0	0	0	0	0
4321310	格斗冠军：位置3_蓝_闪	3	13	24	35	46	57	68	79	90	101	0	0	0	0	0	0
4321410	格斗冠军：位置3_紫_闪	4	14	30	47	63	80	96	113	129	146	162	179	195	0	0	0
4321510	格斗冠军：位置3_橙_闪	5	15	48	81	114	147	180	213	246	279	312	345	378	411	444	477
4421110	格斗冠军：位置4_白_闪	1	11	16	22	0	0	0	0	0	0	0	0	0	0	0	0
4421210	格斗冠军：位置4_绿_闪	2	12	18	25	31	38	45	0	0	0	0	0	0	0	0	0
4421310	格斗冠军：位置4_蓝_闪	3	13	24	35	46	57	68	79	90	101	0	0	0	0	0	0
4421410	格斗冠军：位置4_紫_闪	4	14	30	47	63	80	96	113	129	146	162	179	195	0	0	0
4421510	格斗冠军：位置4_橙_闪	5	15	48	81	114	147	180	213	246	279	312	345	378	411	444	477
4222110	爆焰徽章：位置2_白_闪	1	11	16	22	0	0	0	0	0	0	0	0	0	0	0	0
4222210	爆焰徽章：位置2_绿_闪	2	12	18	25	31	38	45	0	0	0	0	0	0	0	0	0
4222310	爆焰徽章：位置2_蓝_闪	3	13	24	35	46	57	68	79	90	101	0	0	0	0	0	0
4222410	爆焰徽章：位置2_紫_闪	4	14	30	47	63	80	96	113	129	146	162	179	195	0	0	0
4222510	爆焰徽章：位置2_橙_闪	5	15	48	81	114	147	180	213	246	279	312	345	378	411	444	477
4322110	爆焰徽章：位置3_白_闪	1	11	16	22	0	0	0	0	0	0	0	0	0	0	0	0
4322210	爆焰徽章：位置3_绿_闪	2	12	18	25	31	38	45	0	0	0	0	0	0	0	0	0
4322310	爆焰徽章：位置3_蓝_闪	3	13	24	35	46	57	68	79	90	101	0	0	0	0	0	0
4322410	爆焰徽章：位置3_紫_闪	4	14	30	47	63	80	96	113	129	146	162	179	195	0	0	0
4322510	爆焰徽章：位置3_橙_闪	5	15	48	81	114	147	180	213	246	279	312	345	378	411	444	477
4422110	爆焰徽章：位置4_白_闪	1	11	16	22	0	0	0	0	0	0	0	0	0	0	0	0
4422210	爆焰徽章：位置4_绿_闪	2	12	18	25	31	38	45	0	0	0	0	0	0	0	0	0
4422310	爆焰徽章：位置4_蓝_闪	3	13	24	35	46	57	68	79	90	101	0	0	0	0	0	0
4422410	爆焰徽章：位置4_紫_闪	4	14	30	47	63	80	96	113	129	146	162	179	195	0	0	0
4422510	爆焰徽章：位置4_橙_闪	5	15	48	81	114	147	180	213	246	279	312	345	378	411	444	477
4123500	主核：血源核心_橙	5	15	48	81	114	147	180	213	246	279	312	345	378	411	444	477
4223500	血源核心：位置2_橙1	5	15	48	81	114	147	180	213	246	279	312	345	378	411	444	477
4223501	血源核心：位置2_橙2	5	15	48	81	114	147	180	213	246	279	312	345	378	411	444	477
4323500	血源核心：位置3_橙1	5	15	48	81	114	147	180	213	246	279	312	345	378	411	444	477
4323501	血源核心：位置3_橙2	5	15	48	81	114	147	180	213	246	279	312	345	378	411	444	477
4423500	血源核心：位置4_橙1	5	15	48	81	114	147	180	213	246	279	312	345	378	411	444	477
4423501	血源核心：位置4_橙2	5	15	48	81	114	147	180	213	246	279	312	345	378	411	444	477
4124500	主核：暴走因子_橙	5	14	44	74	104	134	164	194	224	254	284	314	344	374	404	434
4224500	暴走因子：位置2_橙	5	14	44	74	104	134	164	194	224	254	284	314	344	374	404	434
4324500	暴走因子：位置3_橙	5	14	44	74	104	134	164	194	224	254	284	314	344	374	404	434
4424500	暴走因子：位置4_橙	5	14	44	74	104	134	164	194	224	254	284	314	344	374	404	434
4124510	主核：暴走因子_橙_闪	5	15	48	81	114	147	180	213	246	279	312	345	378	411	444	477
4224510	暴走因子：位置2_橙_闪	5	15	48	81	114	147	180	213	246	279	312	345	378	411	444	477
4324510	暴走因子：位置3_橙_闪	5	15	48	81	114	147	180	213	246	279	312	345	378	411	444	477
4424510	暴走因子：位置4_橙_闪	5	15	48	81	114	147	180	213	246	279	312	345	378	411	444	477
4125300	主核：冲锋号令_蓝	3	12	22	32	42	52	62	72	82	92	0	0	0	0	0	0
4125400	主核：冲锋号令_紫	4	13	28	43	58	73	88	103	118	133	148	163	178	0	0	0
4125500	主核：冲锋号令_橙	5	14	44	74	104	134	164	194	224	254	284	314	344	374	404	434
4225300	冲锋号令：位置2_蓝	3	12	22	32	42	52	62	72	82	92	0	0	0	0	0	0
4225400	冲锋号令：位置2_紫	4	13	28	43	58	73	88	103	118	133	148	163	178	0	0	0
4225500	冲锋号令：位置2_橙	5	14	44	74	104	134	164	194	224	254	284	314	344	374	404	434
4325300	冲锋号令：位置3_蓝	3	12	22	32	42	52	62	72	82	92	0	0	0	0	0	0
4325400	冲锋号令：位置3_紫	4	13	28	43	58	73	88	103	118	133	148	163	178	0	0	0
4325500	冲锋号令：位置3_橙	5	14	44	74	104	134	164	194	224	254	284	314	344	374	404	434
4425300	冲锋号令：位置4_蓝	3	12	22	32	42	52	62	72	82	92	0	0	0	0	0	0
4425400	冲锋号令：位置4_紫	4	13	28	43	58	73	88	103	118	133	148	163	178	0	0	0
4425500	冲锋号令：位置4_橙	5	14	44	74	104	134	164	194	224	254	284	314	344	374	404	434
4125310	主核：冲锋号令_蓝_闪	3	13	24	35	46	57	68	79	90	101	0	0	0	0	0	0
4125410	主核：冲锋号令_紫_闪	4	14	30	47	63	80	96	113	129	146	162	179	195	0	0	0
4125510	主核：冲锋号令_橙_闪	5	15	48	81	114	147	180	213	246	279	312	345	378	411	444	477
4225310	冲锋号令：位置2_蓝_闪	3	13	24	35	46	57	68	79	90	101	0	0	0	0	0	0
4225410	冲锋号令：位置2_紫_闪	4	14	30	47	63	80	96	113	129	146	162	179	195	0	0	0
4225510	冲锋号令：位置2_橙_闪	5	15	48	81	114	147	180	213	246	279	312	345	378	411	444	477
4325310	冲锋号令：位置3_蓝_闪	3	13	24	35	46	57	68	79	90	101	0	0	0	0	0	0
4325410	冲锋号令：位置3_紫_闪	4	14	30	47	63	80	96	113	129	146	162	179	195	0	0	0
4325510	冲锋号令：位置3_橙_闪	5	15	48	81	114	147	180	213	246	279	312	345	378	411	444	477
4425310	冲锋号令：位置4_蓝_闪	3	13	24	35	46	57	68	79	90	101	0	0	0	0	0	0
4425410	冲锋号令：位置4_紫_闪	4	14	30	47	63	80	96	113	129	146	162	179	195	0	0	0
4425510	冲锋号令：位置4_橙_闪	5	15	48	81	114	147	180	213	246	279	312	345	378	411	444	477
6120058	冲锋号令_蓝	3	12	22	32	42	52	62	72	82	92	0	0	0	0	0	0
6120060	冲锋号令_紫	4	13	28	43	58	73	88	103	118	133	148	163	178	0	0	0
6120062	冲锋号令_橙	5	14	44	74	104	134	164	194	224	254	284	314	344	374	404	434
4126300	主核：烟雾屏障_蓝	3	12	22	32	42	52	62	72	82	92	0	0	0	0	0	0
4126400	主核：烟雾屏障_紫	4	13	28	43	58	73	88	103	118	133	148	163	178	0	0	0
4126500	主核：烟雾屏障_橙	5	14	44	74	104	134	164	194	224	254	284	314	344	374	404	434
4226300	烟雾屏障：位置2_蓝	3	12	22	32	42	52	62	72	82	92	0	0	0	0	0	0
4226400	烟雾屏障：位置2_紫	4	13	28	43	58	73	88	103	118	133	148	163	178	0	0	0
4226500	烟雾屏障：位置2_橙	5	14	44	74	104	134	164	194	224	254	284	314	344	374	404	434
4326300	烟雾屏障：位置3_蓝	3	12	22	32	42	52	62	72	82	92	0	0	0	0	0	0
4326400	烟雾屏障：位置3_紫	4	13	28	43	58	73	88	103	118	133	148	163	178	0	0	0
4326500	烟雾屏障：位置3_橙	5	14	44	74	104	134	164	194	224	254	284	314	344	374	404	434
4426300	烟雾屏障：位置4_蓝	3	12	22	32	42	52	62	72	82	92	0	0	0	0	0	0
4426400	烟雾屏障：位置4_紫	4	13	28	43	58	73	88	103	118	133	148	163	178	0	0	0
4426500	烟雾屏障：位置4_橙	5	14	44	74	104	134	164	194	224	254	284	314	344	374	404	434
4126310	主核：烟雾屏障_蓝_闪	3	13	24	35	46	57	68	79	90	101	0	0	0	0	0	0
4126410	主核：烟雾屏障_紫_闪	4	14	30	47	63	80	96	113	129	146	162	179	195	0	0	0
4126510	主核：烟雾屏障_橙_闪	5	15	48	81	114	147	180	213	246	279	312	345	378	411	444	477
4226310	烟雾屏障：位置2_蓝_闪	3	13	24	35	46	57	68	79	90	101	0	0	0	0	0	0
4226410	烟雾屏障：位置2_紫_闪	4	14	30	47	63	80	96	113	129	146	162	179	195	0	0	0
4226510	烟雾屏障：位置2_橙_闪	5	15	48	81	114	147	180	213	246	279	312	345	378	411	444	477
4326310	烟雾屏障：位置3_蓝_闪	3	13	24	35	46	57	68	79	90	101	0	0	0	0	0	0
4326410	烟雾屏障：位置3_紫_闪	4	14	30	47	63	80	96	113	129	146	162	179	195	0	0	0
4326510	烟雾屏障：位置3_橙_闪	5	15	48	81	114	147	180	213	246	279	312	345	378	411	444	477
4426310	烟雾屏障：位置4_蓝_闪	3	13	24	35	46	57	68	79	90	101	0	0	0	0	0	0
4426410	烟雾屏障：位置4_紫_闪	4	14	30	47	63	80	96	113	129	146	162	179	195	0	0	0
4426510	烟雾屏障：位置4_橙_闪	5	15	48	81	114	147	180	213	246	279	312	345	378	411	444	477
6120059	烟雾屏障_蓝	3	12	22	32	42	52	62	72	82	92	0	0	0	0	0	0
6120061	烟雾屏障_紫	4	13	28	43	58	73	88	103	118	133	148	163	178	0	0	0
6120063	烟雾屏障_橙	5	14	44	74	104	134	164	194	224	254	284	314	344	374	404	434
4127500	主核：爆破飞镖_橙	5	14	44	74	104	134	164	194	224	254	284	314	344	374	404	434
4227500	爆破飞镖：位置2_橙	5	14	44	74	104	134	164	194	224	254	284	314	344	374	404	434
4327500	爆破飞镖：位置3_橙	5	14	44	74	104	134	164	194	224	254	284	314	344	374	404	434
4427500	爆破飞镖：位置4_橙	5	14	44	74	104	134	164	194	224	254	284	314	344	374	404	434
4127510	主核：爆破飞镖_橙_闪	5	15	48	81	114	147	180	213	246	279	312	345	378	411	444	477
4227510	爆破飞镖：位置2_橙_闪	5	15	48	81	114	147	180	213	246	279	312	345	378	411	444	477
4327510	爆破飞镖：位置3_橙_闪	5	15	48	81	114	147	180	213	246	279	312	345	378	411	444	477
4427510	爆破飞镖：位置4_橙_闪	5	15	48	81	114	147	180	213	246	279	312	345	378	411	444	477
4128500	主核：重型杠铃_橙	5	14	44	74	104	134	164	194	224	254	284	314	344	374	404	434
4228500	重型杠铃：位置2_橙	5	14	44	74	104	134	164	194	224	254	284	314	344	374	404	434
4328500	重型杠铃：位置3_橙	5	14	44	74	104	134	164	194	224	254	284	314	344	374	404	434
4428500	重型杠铃：位置4_橙	5	14	44	74	104	134	164	194	224	254	284	314	344	374	404	434
4128510	主核：重型杠铃_橙_闪	5	15	48	81	114	147	180	213	246	279	312	345	378	411	444	477
4228510	重型杠铃：位置2_橙_闪	5	15	48	81	114	147	180	213	246	279	312	345	378	411	444	477
4328510	重型杠铃：位置3_橙_闪	5	15	48	81	114	147	180	213	246	279	312	345	378	411	444	477
4428510	重型杠铃：位置4_橙_闪	5	15	48	81	114	147	180	213	246	279	312	345	378	411	444	477
4129500	主核：闪光发卡_橙	5	14	44	74	104	134	164	194	224	254	284	314	344	374	404	434
4229500	闪光发卡：位置2_橙	5	14	44	74	104	134	164	194	224	254	284	314	344	374	404	434
4329500	闪光发卡：位置3_橙	5	14	44	74	104	134	164	194	224	254	284	314	344	374	404	434
4429500	闪光发卡：位置4_橙	5	14	44	74	104	134	164	194	224	254	284	314	344	374	404	434
4129510	主核：闪光发卡_橙_闪	5	15	48	81	114	147	180	213	246	279	312	345	378	411	444	477
4229510	闪光发卡：位置2_橙_闪	5	15	48	81	114	147	180	213	246	279	312	345	378	411	444	477
4329510	闪光发卡：位置3_橙_闪	5	15	48	81	114	147	180	213	246	279	312	345	378	411	444	477
4429510	闪光发卡：位置4_橙_闪	5	15	48	81	114	147	180	213	246	279	312	345	378	411	444	477
