id	name	englishName	missionList	resource	headIcon	missionShow	rewardShow	challengeTimes	weekend	weekendChallenge	stamina	eventPool	
1	火男面	HYOTTOKO	301,310	321003801	313003800	获得火男面|通关异闻调查第6章	1120002,1120001,3110038	3	1,4,7	4	12	101,100|102,100|103,100|104,100|105,100|106,100|107,100|108,100|109,100|110,100
2	斯奈克	SNACK	302,311	321001601	313001600	获得斯奈克|通关异闻调查第9章	1120002,1120001,3110016	3	2,5,7	4	12	201,100|202,100|203,100|204,100|205,100|206,100|207,100|208,100|209,100|210,100
3	地狱的吹雪	FUBUKI	303,312	321002101	313002100	获得地狱的吹雪|通关异闻调查第12章	1120002,1120001,3110021	3	3,6,7	4	12	301,100|302,100|303,100|304,100|305,100|306,100|307,100|308,100|309,100|310,100
4	青焰	BLUE FIRE	304,313	321001701	313001700	获得青焰|通关异闻调查第15章	1120002,1120001,3110017	3	1,4,7	4	12	401,100|402,100|403,100|404,100|405,100|406,100|407,100|408,100|409,100|410,100
5	黄金球	OGON BALL	305,314	321001401	313001400	获得黄金球|通关异闻调查第18章	1120002,1120001,3110014	3	2,5,7	4	12	501,100|502,100|503,100|504,100|505,100|506,100|507,100|508,100|509,100|510,100
6	微笑超人	SMILE MAN	306,315	321001901	313001900	获得微笑超人|通关异闻调查第21章	1120002,1120001,3110019	3	3,6,7	4	12	601,100|602,100|603,100|604,100|605,100|606,100|607,100|608,100|609,100|610,100
7	甜心假面	AMA MASK	307,316	321001001	313001000	获得甜心假面|通关异闻调查第24章	1120002,1120001,3110010	3	1,4,7	4	12	701,100|702,100|703,100|704,100|705,100|706,100|707,100|708,100|709,100|710,100
8	杰诺斯	GENOS	308,317	321005001	313005000	获得杰诺斯|通关异闻调查第26章	1120002,1120001,3110050	3	2,5,7	4	12	801,100|802,100|803,100|804,100|805,100|806,100|807,100|808,100|809,100|810,100
9	杰诺斯·武装	GENOS	309,318	321000201	313000200	获得杰诺斯·武装|通关异闻调查第28章	1120002,1120001,3110002	3	3,6,7	4	12	901,100|902,100|903,100|904,100|905,100|906,100|907,100|908,100|909,100|910,100
