id	type	name	icon	star	recipe	cookSkill	skillExp	skillIncrease	baseReward	activityId	saitamaExp	dropId	word	
1	1	烤肉丼饭	314005003	1	1,6	1	2	10	1120005,5	0	4	3801	明火烤肉，加上秘制酱料覆盖到丼饭的上层
2	1	鳗鱼玉子烧	314005006	1	2,5	2	2	10	1120002,2000	0	4	3802	美味营养，制作简单
3	1	豚骨拉面	314005018	1	3,6	3	2	10	6110001,10	0	4	3803	经过长时间熬制的豚骨高汤，令人无法拒绝
4	1	明太子烤土豆	314005023	1	4,5	2	2	10	1120021,200	0	4	3804	美味可口，味道独特
5	1	天妇罗	314005020	1	2,3,7	1,2	2	30	1120002,2000|6110001,10	0	8	3805	挂糊要薄，沥油要净，要又脆又香
6	1	咖喱饭	314005024	1	1,4,8	1,3	2	30	1120021,200|1120005,5	0	8	3806	"咖喱”一词来源于坦米尔语，是“许多的香料在一起煮”的意思，据说咖喱的故乡在印度
7	1	寿司	314005007	1	1,5,7	2,3	2	30	1120005,15	0	12	3807	日本常说“有鱼的地方就有寿司”
8	1	寿喜烧	314005004	1	2,6,8	1,3	2	30	1120002,6000	0	12	3808	鲜肉出锅，蛋滑锁汁，带来厚嫩鲜甜的享受。
9	1	海鲜乌冬面	314005017	1	3,5,7	1	4	30	6110001,30	0	12	3809	分量十足，是横扫饥饿的不二选择。
10	1	土豆炖肉	314005005	1	4,6,8	3	4	30	1120021,600	0	12	3810	热气腾腾，清香四溢，据说还很健康。
11	1	寿司拼盘	314005022	1	1,1,7,9	2,3	3	50	1120005,30	0	24	3811	日本常说“有鱼的地方就有寿司”
12	1	极上寿喜烧	314005025	1	2,2,8,10	1,2,3	2	50	1120002,12000	0	24	3812	鲜肉出锅，蛋滑锁汁，带来厚嫩鲜甜的享受。
13	1	海鲜味增面	314005016	1	3,3,7,9	1,3	3	50	6110001,60	0	24	3813	鲜美翻倍，带来升华的力量。
14	1	炭烤牛肉	314005021	1	4,4,10,10	1,2	3	50	1120021,1600	0	32	3814	味道发挥到极致,油脂随着高温溢出,脂香在舌尖融化,每一口都是肉与灵魂的碰撞
15	1	铁板烧	314005019	1	2,4,9,10	1,2,3	2	50	1120002,8000|1120021,800	0	32	3815	铁板烧是日本料理中最高级别的就餐形式，招待贵客才会使用
18	0	日常套餐	314005011	1	 	1,2,3	1	5	1120001,3000	0	4	3800	一日三餐按时吃就能变强。建议搭配俯卧撑、深蹲、仰卧起坐、长跑和不开空调使用。
